314
112
803
65
84
1122
1862
1076
1015
7
1835
1076
184
1983
292
1824
412
1392
1076
2802
175
3001
1554
165
2508
2084
1
412
347
626
1076
184
3336
812
65
1892
1086
1097
1051
1624
1034
507
1076
726
1624
1034
65
1015
184
1093
2405
2085
1298
1907
3313
2390
1624
1020
158
2835
1218
54
314
1122
51
39
777
84
84
39
1572
2499
45
854
2
1568
2564
328
2502
684
221
2051
1096
1449
1251
1122
1961
405
2754
1214
1076
1230
373
1015
332
784
1805
1076
84
1907
405
990
373
1892
1015
332
1961
784
2825
2139
3021
2220
1230
1015
127
116
1425
1076
84
1011
342
810
1245
1015
116
1660
408
369
84
1015
2606
373
789
1806
1309
1122
39
1907
356
1908
502
1425
1392
3206
314
444
1076
1015
2478
2105
2662
941
1609
1392
1464
2121
502
119
314
444
1076
1015
1846
2355
1097
1051
1452
1052
1122
1961
1076
347
1737
332
184
3206
113
356
1218
314
394
1076
709
408
1294
314
102
317
502
2027
112
1218
2584
2631
1737
436
1218
184
65
1076
130
1218
184
65
1076
130
1015
1892
184
1706
405
65
314
448
2598
1052
1076
1218
448
2598
1052
1076
1218
3144
1096
1218
2105
1192
744
237
1444
412
1076
218
1015
1015
332
1961
112
412
244
1127
1880
3093
1611
322
1122
1907
573
1791
3302
1275
1848
1869
970
2633
604
957
1122
1907
573
1791
3302
1275
1848
1869
970
2633
604
957
963
1076
2653
184
501
2655
1040
2633
292
112
342
365
3038
332
641
1365
221
2670
3112
237
412
84
368
45
2606
373
51
39
777
220
1122
84
1425
371
502
1230
1076
910
1943
1218
560
792
1197
2781
3076
1076
314
3190
560
709
1648
2401
1054
1973
326
578
1246
1779
1943
1445
1218
762
172
2812
1343
2522
2065
1122
856
1015
2640
1907
1076
1011
1392
116
62
1351
412
1624
2995
258
314
3059
2503
502
1057
1907
1011
342
853
369
65
84
1537
627
559
1218
2357
1096
347
1122
1052
1392
1946
1218
419
1948
1076
314
348
405
89
296
65
968
1076
1218
84
2849
314
1011
737
317
84
1122
39
1907
2007
1315
444
1449
1402
1907
853
1392
1890
1218
1452
1011
369
39
121
748
373
1015
1230
1766
1509
2360
1031
1456
84
1122
2824
65
2074
320
1066
2930
2790
970
2633
1680
3228
1052
1076
116
1011
1122
38
84
65
314
709
1892
1015
1230
3285
184
1892
512
1015
373
1230
901
332
1907
709
365
1218
1930
99
1076
1052
224
341
1091
2082
1076
1218
1011
642
1943
116
67
3206
977
1425
221
2670
3112
237
412
84
368
45
2606
373
2598
1315
373
1076
1892
65
2182
2532
2246
867
502
369
2033
1076
2754
84
112
3209
1218
1427
2466
2735
1075
353
2000
3304
1625
2088
166
3027
1202
3225
2926
3148
2299
1875
3223
342
709
404
84
1076
693
2707
1425
1015
112
1218
373
1467
1706
920
1218
184
496
169
51
39
307
1015
1076
1531
2993
65
784
798
2754
1218
184
461
538
1011
2814
237
894
1122
84
369
2069
2824
1122
84
1718
157
1572
347
314
1218
112
184
2594
922
2528
1214
3155
1076
1015
65
218
977
1097
112
1250
2963
2249
2597
1218
3141
451
2828
1423
32
1827
1251
1193
477
1675
119
1987
3149
1317
514
348
3058
1449
822
1452
495
3126
1024
797
2232
65
1015
314
1218
356
3115
347
942
1096
1667
789
1076
2059
1309
1806
1122
84
2528
3155
524
1122
84
369
1869
766
1961
2985
970
1425
2606
1015
1907
1015
332
671
1983
292
2954
1892
1230
1960
424
188
1076
1230
373
1015
412
1011
709
835
1218
84
1907
1015
2606
2549
332
406
2322
1393
65
1624
51
39
84
777
2528
502
65
2532
369
84
1122
1183
426
1556
412
557
2357
65
1122
51
39
84
876
1260
2040
675
1218
3168
733
1011
1152
146
1464
632
530
2040
2500
2927
3188
1425
876
2598
1274
1076
67
952
1282
3336
1907
789
1565
970
1341
2536
2905
1333
289
2505
2199
1275
369
84
1230
1572
1907
1425
747
943
1597
801
1737
84
314
1015
237
292
1076
1218
709
1011
16
1122
84
350
831
84
314
373
356
354
369
1015
332
1892
65
1230
2841
879
2344
1076
496
169
1122
573
51
39
777
1572
1842
1806
789
301
1228
2307
223
2606
373
2
375
859
671
1886
2493
1015
84
184
1076
1907
1230
373
446
356
113
928
1218
1892
332
314
65
2713
902
1218
317
1988
3227
1347
2667
354
84
65
373
2606
1076
184
1907
970
356
1892
1015
1076
65
84
314
709
1298
1222
1122
3027
524
1107
560
347
2851
784
3159
1143
1315
412
1943
356
1015
1122
314
444
1076
1218
970
1015
1076
1011
332
2505
1449
2655
109
2373
1429
1298
179
2357
1218
347
1076
496
169
1122
573
65
1076
1624
1066
1076
348
510
419
1907
1076
709
184
1311
1606
3190
1493
989
100
2517
1943
1261
1905
484
2613
2854
88
2544
885
84
1907
1122
1907
977
709
484
22
1315
412
1943
356
1015
65
347
356
1218
314
1076
1907
84
1122
39
1223
1303
682
1960
1015
332
2
1597
1425
1456
1400
113
376
263
484
196
3180
860
524
1481
3200
1411
1301
3004
3084
2815
581
3151
255
1483
870
1981
1500
65
356
1076
1218
184
1791
682
748
1315
51
813
422
348
937
674
502
65
2532
369
84
1122
1183
426
1556
412
557
2357
84
1230
1015
709
1907
1122
854
3225
328
1766
1303
1122
51
39
84
1425
314
65
84
1294
1737
789
1946
1076
1218
3190
1076
810
1122
84
65
314
184
1907
218
130
1011
1425
2606
1960
1015
116
1392
2199
2598
1892
1916
1660
347
1218
748
373
1015
332
709
1737
65
356
1092
1076
65
525
924
789
356
444
1572
1907
342
502
84
1122
373
1052
1230
1907
1892
1015
1122
1230
369
2201
369
84
1907
524
2824
1907
39
1680
499
373
1230
332
1015
1806
789
1309
375
37
1436
425
3139
1020
638
2687
1425
1392
1345
1245
602
1907
1005
65
1076
1052
548
944
784
3190
2446
406
1054
218
65
1122
84
2363
987
51
39
84
777
1572
1631
1425
84
1572
1907
342
763
2754
184
1015
2993
1022
897
356
1218
796
1392
398
369
87
2394
130
2698
1311
1246
2869
2051
1214
412
502
2754
646
1400
1076
3206
1969
1218
1057
1529
221
948
496
1858
1192
373
1230
332
748
1015
292
3073
671
3162
51
39
84
1706
1076
1961
1015
1892
709
1810
2
1230
373
184
1076
65
314
65
1574
2450
244
803
502
1076
112
1959
314
1086
1345
1245
1076
611
1907
84
1015
1961
2606
373
1015
184
1076
84
65
65
184
112
555
502
398
178
356
1935
350
113
2267
1050
1175
369
1015
332
1907
1892
314
444
663
1076
173
1859
797
675
634
221
725
928
1230
119
65
2894
2191
130
314
440
184
633
1399
1122
347
51
2
84
1052
1015
709
1892
184
1695
1943
356
1741
67
347
314
1392
789
1076
1983
1096
65
2226
84
356
1907
184
1076
112
1015
1230
332
373
292
2393
1406
2633
51
65
725
2363
1230
369
332
2286
354
2633
2907
1015
2812
184
491
1015
709
1772
1616
1624
2412
1452
1878
783
2602
476
2642
909
1502
2341
304
1907
2560
1169
1341
150
502
568
106
65
412
347
444
1218
1892
184
1076
1076
348
510
419
1122
51
39
84
1825
1156
1898
789
1076
130
1907
3336
184
345
3248
709
1892
2687
2458
327
933
3128
1076
512
1907
1425
1015
229
188
424
2414
1907
39
1076
1015
1015
766
784
1346
1961
2606
1960
1907
365
560
1044
1076
65
3231
1961
215
1907
1907
1230
775
84
373
1015
332
2502
84
184
1076
65
1907
559
1425
1230
1960
1122
775
2502
2824
854
1563
2883
2278
527
113
356
1572
709
354
709
1218
1015
2456
65
314
1076
332
184
901
130
449
1737
1122
1572
1907
342
369
314
65
2319
148
356
3069
1901
292
3152
1076
67
395
1425
810
184
1076
314
130
455
2056
833
525
856
1076
1122
347
65
1218
130
3206
113
85
1122
748
51
39
777
2598
1859
876
1392
1076
902
2357
65
1076
1907
125
1978
1624
2619
1675
502
119
1084
1961
901
548
264
2690
1122
314
184
1907
65
84
3161
184
2754
1059
1076
1907
1015
2339
2279
130
2784
708
2236
1122
970
84
65
220
2312
1907
314
1076
184
354
356
412
1839
50
3123
688
2003
3131
1182
2638
493
1425
65
1076
1907
970
1030
2633
356
354
1392
1470
67
1218
2357
1386
222
799
1218
750
1076
1218
502
1122
350
1122
84
314
783
1525
1076
373
2606
1015
3003
2936
726
762
970
1086
753
1859
2439
2994
1892
1907
2685
2029
1814
84
1122
1020
1002
1052
1400
1086
347
1704
3154
2267
767
1076
184
1907
1037
1015
2606
1960
1892
1076
1961
373
1230
1015
1122
51
39
84
1600
1122
2137
1907
1011
673
3139
484
1960
1015
784
766
3
560
2749
65
1066
1425
1122
1076
1122
314
350
853
1307
2532
1361
502
1218
2357
1154
354
1392
1470
350
1402
1863
373
3090
1230
1040
502
1315
1230
1052
1011
1907
1728
789
173
1859
797
675
634
84
39
1907
65
65
1218
1015
356
113
1901
112
184
1076
100
314
2291
65
39
1011
1907
1230
2606
371
1859
1425
709
2357
1218
1015
512
371
596
748
184
347
1943
1076
130
709
1648
184
28
1246
1983
853
525
314
1249
1076
1015
237
314
65
194
1973
292
444
1076
1015
184
1907
1360
1127
2916
0
65
1907
1122
1015
1907
1122
1015
412
51
39
777
1572
1122
84
1052
819
1825
347
996
1894
496
1572
314
1230
1076
1015
184
860
39
84
84
524
1230
1960
1907
748
1015
1425
332
1597
39
2
682
3139
3074
369
1052
1793
1011
1907
1122
3045
65
895
1449
2138
1748
2023
3080
369
231
376
216
3334
2874
1999
1640
709
2047
1892
1230
905
1592
367
603
3107
84
1921
1315
1943
356
408
1895
1076
56
314
2573
974
2257
1648
254
2675
949
1246
313
2144
1392
2608
1503
2633
1790
2754
84
2515
2736
348
1919
184
1015
1230
1892
356
113
1885
1219
1868
1907
274
1076
1015
332
1775
1648
84
65
65
1218
1572
709
1076
1122
784
1671
369
1218
65
1157
1076
1015
184
290
3291
573
373
1052
1169
1230
373
1121
1430
1270
1185
1754
2922
1000
3106
3198
121
2768
2577
465
2326
3175
375
3075
1076
8
744
669
399
65
1400
1907
1076
65
184
356
2921
2
766
1015
184
484
1960
356
1961
784
1346
1729
1907
560
709
1810
2851
1648
1779
1943
958
4
1222
1122
84
1572
1907
342
3125
280
1218
568
106
314
1015
1076
84
1230
373
1961
2
332
184
784
766
3
585
2598
1218
709
1975
609
1139
356
1624
1550
356
1097
1051
952
1122
62
127
512
1907
1122
51
84
65
350
748
1961
2598
1315
1737
1282
3336
1907
789
1565
970
1341
2536
2905
1333
289
2505
2199
1275
369
184
65
373
1230
709
1449
1400
53
2357
1122
84
1907
1015
1960
2606
332
369
709
2374
2306
2910
813
1222
1122
51
39
84
373
1122
1086
314
1076
184
2357
1218
1907
970
356
3206
1076
81
1286
1015
1116
2138
1127
1624
1169
726
2655
1943
1076
642
3120
67
1218
1943
1052
1263
1648
2
2754
373
1015
332
1076
709
1892
117
1293
1527
1572
1907
342
84
1015
323
3333
876
1230
207
1737
1076
1015
833
2503
314
65
2606
365
347
810
1183
1218
84
1122
39
1223
1303
682
1960
1015
332
2
1597
1425
1456
1400
113
376
263
484
196
3180
860
524
1481
51
39
84
184
2374
654
86
524
1076
1122
1425
1412
2138
1115
46
2323
166
853
604
205
693
1076
2294
2606
1960
2702
1015
2961
3100
332
3
312
3007
748
1916
1518
2100
578
784
995
560
2722
1395
1990
356
2878
2492
1313
2036
65
184
1076
314
1076
1218
2246
568
84
112
65
1076
1015
332
65
1230
3190
184
1961
2905
100
989
1167
876
1011
1907
1449
2082
376
1251
1218
502
1907
977
709
484
22
1943
3342
1076
184
84
39
439
184
141
1122
1907
51
220
39
84
2824
1122
2302
2485
2312
527
952
1790
1392
1230
1425
354
733
1907
406
1076
1015
1298
2203
853
332
628
958
2
1097
1051
1076
116
2528
84
1015
1907
1122
467
2633
1748
1289
1030
1841
1122
1695
51
39
1345
1122
853
789
1230
1076
1076
373
2606
1015
3003
2936
726
762
970
405
1626
1076
2554
1315
1015
1076
84
1230
373
1961
2
332
184
784
766
3
585
2598
1218
709
1975
609
1139
356
2598
39
373
789
1230
2
332
1597
748
642
2996
3194
1704
1449
65
1076
365
184
1086
1251
32
1218
369
1392
820
84
1907
1052
354
1011
2121
1907
314
444
853
560
1907
84
2962
1977
1015
748
2
471
1346
1961
784
128
1943
1345
314
373
184
184
1076
853
726
1218
65
184
1015
356
1675
1076
1218
1298
1467
405
314
1218
184
573
84
65
373
1892
1230
484
2378
412
793
790
2203
2271
2548
218
191
434
1197
512
236
748
1015
1392
852
1230
810
332
1349
2025
2101
2964
970
977
62
460
1660
1394
1892
642
1943
1737
84
784
1122
1315
444
1076
882
1302
314
444
1556
1209
373
356
1230
1015
1892
1176
709
1907
1122
1916
1961
65
314
314
1867
130
1624
2995
1096
65
314
2467
1983
1076
2402
2312
724
604
1535
1892
693
1961
1015
1076
970
2633
1911
3175
1761
1907
2754
2027
65
1870
84
2875
2261
2598
2
1052
810
1076
1674
84
1076
1066
2267
1574
112
1425
1230
2897
1243
3078
978
2943
1418
975
2731
2519
2511
1209
1362
1601
2357
1580
1218
968
1651
668
1122
1864
444
2138
1907
408
1660
1230
1425
373
1076
1015
356
113
977
1907
2822
1015
784
1122
184
1916
1230
1960
1391
1892
1122
1695
51
39
1345
314
444
663
1076
347
444
1218
1892
184
1076
2690
1052
714
1294
1811
1076
84
65
314
184
405
1230
373
1015
1961
2502
2259
369
2312
7
65
1076
84
39
1122
1015
1230
2606
113
356
1935
1648
556
406
1076
67
412
2528
3155
1122
2
84
373
1011
65
1122
84
369
1218
1737
314
373
901
2005
65
184
1737
1230
373
1015
671
332
2616
1573
7
356
398
449
2506
527
1139
1246
3350
1449
1402
3032
1943
65
184
84
356
112
1907
1425
1572
342
350
831
502
84
65
2374
2357
586
1086
65
3061
1037
3154
373
1230
1015
14
65
184
2798
1737
626
1015
1907
1449
1400
53
2357
1122
84
1907
1015
1960
2606
332
369
709
2374
2306
2910
813
1222
1076
1015
65
1425
1961
191
218
1392
84
1122
877
1251
1218
2057
314
369
430
970
3170
2633
1325
2229
29
3000
130
971
347
2751
1218
877
303
709
356
1624
525
628
1076
65
148
1983
2954
1772
185
1624
1034
314
444
853
560
1907
84
65
1076
84
39
1122
1015
1230
2606
113
356
1935
1648
556
406
65
184
130
1907
1011
2967
184
1076
1907
100
347
2970
1015
1907
1230
775
84
373
1015
332
2502
84
1076
1015
1303
853
1076
709
350
354
2253
65
1392
51
39
1572
1907
342
1132
1909
332
412
866
1911
84
1530
373
1230
1015
1122
1791
784
671
1346
709
560
174
51
39
84
373
1015
328
1766
1303
332
748
1907
1076
709
1907
191
502
356
2628
434
1588
218
2
1052
790
484
1076
65
184
84
39
1076
439
3284
1522
783
2471
1062
1540
715
1058
1076
1015
671
2364
347
218
3162
1246
277
1467
405
314
1218
184
252
2532
3177
1076
844
122
1971
84
315
1680
1272
2824
627
1961
84
315
1680
1272
2824
627
1961
2960
314
1973
292
1624
84
1076
184
1907
84
1076
184
1907
172
65
1076
709
184
172
65
1076
709
184
1961
2
314
373
901
3206
502
350
1901
1218
1218
2437
573
1086
495
1076
112
2701
1008
314
1624
726
412
1961
373
1392
1230
810
1076
1425
127
191
2545
1907
1425
127
1597
1907
1230
373
810
1015
1961
1659
354
1392
67
952
1063
1218
317
184
1076
1321
626
84
2114
65
1122
415
2754
1425
2595
137
251
369
727
302
354
1572
1907
342
1122
1052
1230
373
314
84
284
1582
263
347
1159
2051
373
1467
377
373
3134
2314
1076
65
1015
3033
223
1907
65
1076
1864
84
356
1015
784
2606
1960
774
365
3320
2080
578
955
2715
184
1067
934
3288
484
1960
332
1393
2265
784
1395
1810
560
2904
570
3298
983
2817
578
955
2715
1847
993
184
74
95
3107
794
1467
377
373
3134
2314
709
2114
1218
704
1086
65
373
1076
1015
1892
2606
2
1907
1122
84
369
1076
65
1624
1076
84
218
191
1122
1907
854
408
356
1015
2606
373
2
970
2905
1907
864
1096
2159
987
65
1076
802
784
1452
1911
2846
77
1015
332
1597
1298
2633
356
405
373
82
3225
193
671
1907
1218
1095
2427
524
970
804
2283
82
1668
1425
133
2924
84
484
1859
116
701
486
1303
560
543
100
687
3190
65
1076
802
784
1452
1911
2846
77
1015
332
1597
1298
2633
356
405
373
82
3225
193
671
1907
1218
1095
2427
524
970
804
2283
82
1668
1425
133
2924
84
484
1859
116
701
486
1303
560
543
100
687
3190
371
314
3225
1218
1154
1580
1076
149
191
2188
748
332
1015
1960
2
1011
3262
365
448
1268
2948
444
373
39
84
373
1015
1907
2606
328
332
1005
2824
1356
130
1449
1402
850
332
65
373
1052
1392
51
39
84
777
2528
51
39
806
783
124
642
3120
184
119
2551
1122
84
1907
2069
2824
39
1015
65
1218
1572
709
1076
1122
784
1671
369
1218
444
394
1218
314
184
1015
336
130
184
709
1076
1341
1564
525
139
2613
930
748
314
65
1076
1015
1230
2606
1960
184
1892
100
768
2896
332
2520
204
1303
1660
408
709
1907
1011
560
405
1626
1076
2554
1315
369
663
1825
2374
982
1449
1298
2541
2167
902
1218
84
1230
1076
412
1020
598
444
173
1859
907
207
314
810
2068
1598
1907
347
84
348
1907
1122
910
1572
2515
1011
1907
341
1907
2082
342
1011
65
525
924
789
356
2104
748
1052
332
412
1122
51
39
1015
777
1052
1011
1703
512
1907
1015
1076
748
2
484
1015
1597
2374
1076
84
65
373
484
2712
1076
2824
314
1983
184
65
103
484
1907
1484
499
1680
2032
1122
1015
731
2516
2613
41
2384
1122
347
51
2
84
65
1859
1879
2552
1298
1967
480
184
1076
1660
3206
113
1392
1015
1660
970
22
65
2505
1218
1392
853
811
1011
1907
347
293
314
65
1076
1230
373
1425
1015
2285
1449
3019
2586
513
1218
347
1096
2051
65
2138
1052
1392
1052
714
810
1076
412
1079
65
1230
1425
1907
1566
1621
2680
2862
663
769
3242
1177
2418
379
1258
355
2359
761
358
2740
2894
2191
2671
432
3091
932
871
3040
3347
2477
1137
2895
392
2130
469
482
857
2765
2240
361
1709
536
3094
134
495
1276
314
65
39
84
1237
1677
218
1907
1011
1303
1766
408
2720
1786
3302
1905
1005
1042
2536
332
1015
1116
1076
2664
1660
408
2448
1562
330
861
1015
218
853
1096
404
1196
665
660
1926
800
1380
620
778
1438
1643
1950
1624
53
1691
2385
1698
348
1978
270
859
1169
139
695
1452
1122
1020
1076
2528
184
65
1218
84
970
184
1097
1051
1076
2528
3155
1425
1892
709
1076
1230
1015
373
3206
1907
112
65
2654
1303
1762
1660
781
1006
297
110
951
1076
1892
1907
709
1015
1425
1230
373
112
2754
113
709
1052
3206
113
356
660
1926
800
1380
620
778
1438
1643
1950
1624
53
1691
2385
1698
348
1978
270
859
1169
139
695
1452
1122
1020
1076
2528
184
65
1076
412
222
1943
1122
1961
51
39
314
1076
67
1011
116
395
838
2186
2480
1096
1127
1076
347
2884
394
2007
84
65
1076
2655
346
1122
51
910
356
1577
1330
709
112
1077
1218
184
1737
1311
1262
1571
292
356
1577
1330
709
112
1077
1218
184
1737
1311
1262
1571
292
1943
356
1076
116
709
218
826
748
1943
270
3089
354
1230
1076
412
1020
598
1230
1076
412
1020
598
84
1122
789
369
26
1076
1015
332
3341
2782
2
1230
373
1700
1122
39
1253
1076
1015
332
3341
2782
2
1230
373
1700
1122
39
1253
1907
84
1122
1052
51
1076
1907
2633
2606
1015
2829
1303
356
1392
977
1918
1095
748
1452
1020
970
810
332
1624
3178
1772
3343
1508
783
1150
365
1365
1407
2256
2532
596
2016
984
1183
375
1046
78
2607
325
1074
719
1076
1907
2633
2606
1015
2829
1303
356
1392
977
1918
1095
748
1452
1020
970
810
332
1624
3178
1772
3343
1508
783
1150
365
1365
1407
2256
2532
596
2016
984
1183
375
1046
78
2607
325
1074
719
382
1392
1076
1218
1824
1275
84
1015
332
2
1907
39
1452
373
1515
369
424
100
2905
2722
1222
1497
356
1876
130
2821
314
139
1218
2386
130
348
726
743
2601
547
2234
186
670
1174
564
2352
99
959
1876
356
1484
2784
2544
3324
2218
310
1207
1059
184
140
294
2183
1482
3047
1746
713
2052
1387
1017
830
2613
3095
412
3012
1957
933
2842
356
354
970
2633
1438
28
343
2396
1926
106
3148
