0.949299135102893
-0.1380852967491799
0.39397554428869674
-0.1291380852967492
0.3575902177154787
0.9606322696093051
-0.41664181330152106
0.949299135102893
-0.1380852967491799
0.39397554428869674
-0.1291380852967492
0.3575902177154787
0.9606322696093051
-0.41664181330152106
0.949299135102893
-0.1380852967491799
0.39397554428869674
-0.1291380852967492
0.3575902177154787
0.9606322696093051
-0.41664181330152106
0.8896510587533553
0.4619743513271697
0.39397554428869674
0.7542499254399045
-0.5502535043244856
0.7816880405606919
-0.1291380852967492
0.2657321801371906
0.7769161944527289
0.3575902177154787
0.48643006263048016
0.7464956755144647
0.7769161944527289
-0.5550253504324485
0.39397554428869674
0.9982105577095138
0.7769161944527289
-0.5550253504324485
0.39397554428869674
0.9982105577095138
0.7769161944527289
-0.5550253504324485
0.39397554428869674
0.9982105577095138
0.7769161944527289
-0.5550253504324485
0.39397554428869674
0.9982105577095138
0.8425290784372204
0.7769161944527289
0.528780196838652
0.2657321801371906
-0.1291380852967492
0.5764986579182821
0.2657321801371906
-0.5550253504324485
0.39397554428869674
0.8013719057560393
0.7464956755144647
0.7769161944527289
0.3498359677900388
-0.5502535043244856
0.2728899492991351
0.8765284819564569
-0.39218610199821047
-0.6779003877124963
-0.637936176558306
0.6516552341186996
-0.5711303310468236
-0.8681777512675217
0.655234118699672
-0.17626006561288388
0.22517148821950494
0.7476886370414555
-0.4906054279749479
0.1333134506412168
-0.584252907843722
0.5293766776021473
0.13510289293170297
-0.1291380852967492
0.39397554428869674
0.8013719057560393
0.5764986579182821
-0.34148523710110346
0.03668356695496566
0.9976140769460184
0.46853563972561885
-0.13033104682373997
0.7870563674321504
0.8902475395168505
-0.6880405606919178
0.5991649269311065
0.7464956755144647
0.8872651356993737
0.4518341783477483
-0.8013719057560393
-0.9427378467044438
-0.02057858634059051
0.37429167909334926
0.9707724425887265
0.07843722039964207
-0.8425290784372204
-0.1291380852967492
0.5764986579182821
0.2657321801371906
0.7769161944527289
0.4619743513271697
0.8896510587533553
0.8013719057560393
0.39397554428869674
0.3546078138980018
-0.4804652549955264
0.48643006263048016
-0.38443185207277075
-0.8544586937071279
0.6546376379361766
0.9403519236504623
0.023560990158067452
-0.30509991052788554
0.27527587235311657
0.7769161944527289
0.2657321801371906
0.39397554428869674
0.8013719057560393
0.5419027736355502
0.8896510587533553
0.39397554428869674
0.5532359081419624
0.7870563674321504
0.3301521025946913
0.6576200417536535
0.9982105577095138
0.27527587235311657
0.44944825529376675
0.2657321801371906
0.7769161944527289
0.39397554428869674
0.8013719057560393
0.9982105577095138
-0.1291380852967492
0.5764986579182821
-0.47748285117804956
0.7464956755144647
0.8872651356993737
0.4518341783477483
-0.0014912019087385264
-0.1434536236206383
0.6510587533552044
0.686847599164927
0.949299135102893
0.9606322696093051
0.8681777512675216
0.5317626006561289
-0.17029525797793021
0.552639427378467
0.8013719057560393
0.2657321801371906
0.39397554428869674
0.7769161944527289
-0.1291380852967492
-0.1434536236206383
-0.40650164032209957
0.4762898896510588
0.7572323292573815
0.8252311362958544
0.8663883089770354
0.8425290784372204
0.8824932895914107
0.48643006263048016
-0.5550253504324485
-0.16969877721443494
0.8121085594989561
0.8896510587533553
-0.9874739039665972
0.39397554428869674
-0.9564569042648374
-0.1434536236206383
-0.1291380852967492
0.2657321801371906
0.7769161944527289
0.8013719057560393
0.39397554428869674
0.7870563674321504
-0.6200417536534446
0.9976140769460184
0.6051297345660602
0.8645988666865494
-0.9206680584551148
0.6623918878616164
0.859230539815091
0.7464956755144647
0.16373396957948105
0.5168505815687444
-0.17626006561288388
0.22517148821950494
0.7572323292573815
0.5991649269311065
0.5317626006561289
0.7816880405606919
0.2657321801371906
0.7769161944527289
0.39397554428869674
-0.1291380852967492
0.7464956755144647
0.8872651356993737
0.5908141962421711
0.5281837160751566
0.7274082910826125
-0.5550253504324485
-0.16969877721443494
0.39397554428869674
0.8013719057560393
0.5317626006561289
0.8252311362958544
0.8663883089770354
0.7870563674321504
0.5532359081419624
-0.1380852967491799
0.7816880405606919
0.6653742916790933
-0.1434536236206383
0.19654041157172686
0.13510289293170297
0.9976140769460184
-0.5132716969877722
0.528780196838652
0.49060542797494777
0.8425290784372204
0.9982105577095138
0.7870563674321504
0.7107068297047421
0.39397554428869674
-0.16969877721443494
-0.1291380852967492
0.8013719057560393
-0.1434536236206383
0.42081717864598867
0.7769161944527289
0.7870563674321504
0.2657321801371906
0.8013719057560393
0.39397554428869674
-0.17029525797793021
0.5424992543990457
0.9982105577095138
0.6504622725917089
0.9976140769460184
-0.1291380852967492
0.1386817775126752
0.5764986579182821
-0.1434536236206383
0.16969877721443483
0.09275275872353117
0.3772740829108261
0.7870563674321504
0.7464956755144647
0.8872651356993737
-0.40650164032209957
-0.8693707127945123
0.7107068297047421
0.8013719057560393
-0.1291380852967492
0.39397554428869674
0.8288100208768268
-0.6212347151804354
0.7769161944527289
0.2657321801371906
0.39397554428869674
0.8013719057560393
-0.1291380852967492
0.27527587235311657
0.44944825529376675
0.7769161944527289
0.6206382344169401
0.2657321801371906
0.9982105577095138
0.7769161944527289
0.7870563674321504
0.2657321801371906
0.39397554428869674
0.5532359081419624
0.2705040262451536
-0.1291380852967492
0.7870563674321504
-0.07784073963614668
0.528780196838652
0.21861019982105578
0.7464956755144647
0.8872651356993737
-0.6880405606919178
-0.9075454816582165
-0.5550253504324485
-0.16969877721443494
0.5532359081419624
0.7769161944527289
0.9600357888458098
0.2657321801371906
0.39397554428869674
0.5532359081419624
0.39397554428869674
0.046823739934387154
0.2657321801371906
0.8013719057560393
-0.06710408589322991
0.11661198926334626
0.1333134506412168
-0.5108857739337906
0.7536534446764092
0.4428869668953176
-0.8222487324783776
-0.8383537130927528
0.028332836266030448
0.5764986579182821
0.6653742916790933
0.046823739934387154
0.22517148821950494
-0.25797793021175064
-0.16433045034297633
-0.09215627796003578
0.30509991052788543
0.6641813301521026
0.22994333432746794
-0.28064419922457495
0.9630181926632866
-0.18878616164628692
0.9982105577095138
-0.1434536236206383
0.3915896212347152
0.8013719057560393
-0.5908141962421711
0.8896510587533553
-0.1291380852967492
0.5532359081419624
0.5806740232627497
-0.1476289889651059
0.6510587533552044
0.27527587235311657
0.44944825529376675
0.7769161944527289
0.6206382344169401
0.2657321801371906
0.5532359081419624
0.39397554428869674
0.046823739934387154
0.2657321801371906
0.8013719057560393
-0.16969877721443494
0.7107068297047421
-0.6093050999105278
0.2937667760214733
0.9677900387712496
0.38025648672830303
0.2657321801371906
0.7769161944527289
0.39397554428869674
0.9982105577095138
0.5764986579182821
-0.1291380852967492
0.8013719057560393
-0.3766776021473308
-0.19773337309871764
0.2657321801371906
0.7769161944527289
0.39397554428869674
0.9982105577095138
0.5764986579182821
-0.1291380852967492
0.8013719057560393
-0.3766776021473308
-0.19773337309871764
0.5532359081419624
0.3719057560393677
0.2657321801371906
0.39397554428869674
-0.1291380852967492
0.3301521025946913
0.39397554428869674
-0.17029525797793021
0.949299135102893
-0.1380852967491799
0.2657321801371906
0.7769161944527289
-0.1434536236206383
-0.5550253504324485
-0.16969877721443494
-0.1291380852967492
0.39397554428869674
-0.07127945123769752
0.8896510587533553
0.48344765881300333
-0.04145541306292877
-0.1291380852967492
0.39397554428869674
-0.1434536236206383
0.7709513868177751
0.2657321801371906
0.7769161944527289
0.9976140769460184
-0.15955860423501345
-0.04145541306292877
-0.3056963912913808
0.2657321801371906
0.7769161944527289
0.39397554428869674
0.8013719057560393
-0.1291380852967492
0.5764986579182821
0.2728899492991351
0.9403519236504623
-0.1380852967491799
-0.5550253504324485
-0.19773337309871764
-0.16969877721443494
0.39397554428869674
0.8013719057560393
0.9164926931106472
0.5317626006561289
-0.1380852967491799
0.7870563674321504
0.5991649269311065
-0.16969877721443494
0.2657321801371906
0.39397554428869674
-0.1291380852967492
0.5764986579182821
0.9218610199821056
0.8013719057560393
0.07963018192663285
0.6546376379361766
0.9982105577095138
0.018789144050104345
0.27527587235311657
0.4512376975842529
0.5317626006561289
0.9856844616761109
0.2728899492991351
0.3575902177154787
-0.6433045034297644
-0.17029525797793021
0.6653742916790933
-0.1434536236206383
-0.5550253504324485
-0.16969877721443494
-0.1291380852967492
0.39397554428869674
-0.07127945123769752
0.8896510587533553
0.48344765881300333
-0.04145541306292877
0.5926036385326573
0.5419027736355502
0.8896510587533553
0.39397554428869674
0.8037578288100209
0.949299135102893
-0.3402922755741127
0.9761407694601849
0.686847599164927
-0.1380852967491799
0.42081717864598867
-0.17029525797793021
0.9982105577095138
-0.5550253504324485
0.5532359081419624
0.05577095138681776
0.8091261556814793
0.8013719057560393
0.21503131524008345
0.732776617954071
-0.17029525797793021
-0.7047420220697882
0.8013719057560393
-0.16969877721443494
0.2866090068595287
0.7107068297047421
-0.10766477781091566
0.949299135102893
0.912913808529675
-0.7226364449746496
-0.805547271100507
-0.37130927527587243
0.7870563674321504
-0.11184014315538326
-0.9952281538920369
-0.45064121682075764
0.05577095138681776
-0.2925738144944825
-0.990456307784074
0.8896510587533553
0.9606322696093051
0.5419027736355502
0.8968088279152997
0.5926036385326573
0.5419027736355502
0.8896510587533553
0.39397554428869674
0.8037578288100209
0.949299135102893
-0.3402922755741127
0.9761407694601849
0.686847599164927
-0.1380852967491799
0.42081717864598867
-0.17029525797793021
0.9982105577095138
-0.5550253504324485
0.5532359081419624
0.05577095138681776
0.8091261556814793
0.8013719057560393
0.21503131524008345
0.732776617954071
-0.17029525797793021
-0.7047420220697882
0.8013719057560393
-0.16969877721443494
0.2866090068595287
0.7107068297047421
-0.10766477781091566
0.949299135102893
0.912913808529675
-0.7226364449746496
-0.805547271100507
-0.37130927527587243
0.7870563674321504
-0.11184014315538326
-0.9952281538920369
-0.45064121682075764
0.05577095138681776
-0.2925738144944825
-0.990456307784074
0.8896510587533553
0.9606322696093051
0.5419027736355502
0.8968088279152997
0.13510289293170297
0.6319713689233522
-0.15061139278258273
-0.11720847002684165
-0.9797196540411572
0.484640620339994
0.9707724425887265
-0.11720847002684165
0.39397554428869674
-0.16969877721443494
0.5764986579182821
-0.1380852967491799
-0.1291380852967492
0.22517148821950494
-0.17626006561288388
0.6242171189979123
0.7870563674321504
-0.8347748285117804
0.03071875932001189
0.3909931404712198
0.664777810915598
0.7757232329257382
0.42081717864598867
0.2657321801371906
0.516254100805249
0.3575902177154787
0.39397554428869674
0.8013719057560393
-0.5246048314941842
0.14941843125559195
0.9594393080823144
0.7208470026841635
0.9594393080823144
-0.9129138085296749
0.7107068297047421
-0.16969877721443494
0.39397554428869674
0.8013719057560393
0.8854756934088875
0.009245451834178353
0.222189084402028
0.5532359081419624
0.16910229645093944
-0.7739337906352519
0.9302117506710409
0.9308082314345363
0.39397554428869674
0.5991649269311065
0.5317626006561289
0.16731285416045327
-0.8228452132418729
-0.7751267521622427
0.7107068297047421
0.7769161944527289
0.28064419922457495
0.8634059051595586
-0.769161944527289
-0.3766776021473308
-0.19117208470026847
-0.06889352818371597
0.5926036385326573
0.5281837160751566
-0.47390396659707723
0.8013719057560393
-0.17029525797793021
0.5532359081419624
0.2866090068595287
-0.16969877721443494
0.40351923650462274
-0.4929913510289292
-0.19117208470026847
0.8037578288100209
-0.021175067104085787
-0.9994035192365047
0.7703549060542798
-0.11184014315538326
0.17924246943036082
0.9886668654935878
0.3301521025946913
-0.19117208470026847
0.7107068297047421
0.9057560393677304
0.05577095138681776
0.3301521025946913
0.39397554428869674
-0.17029525797793021
0.949299135102893
-0.1380852967491799
0.2657321801371906
0.7769161944527289
-0.1291380852967492
0.39397554428869674
-0.1434536236206383
0.7709513868177751
0.2657321801371906
0.7769161944527289
0.9976140769460184
-0.15955860423501345
-0.04145541306292877
-0.3056963912913808
0.7870563674321504
0.8628094243960632
0.8872651356993737
0.39397554428869674
0.788249328959141
-0.19117208470026847
-0.06889352818371597
0.5926036385326573
0.5281837160751566
-0.47390396659707723
0.8013719057560393
-0.17029525797793021
0.5532359081419624
0.2866090068595287
-0.16969877721443494
0.40351923650462274
-0.4929913510289292
-0.19117208470026847
0.8037578288100209
-0.021175067104085787
-0.9994035192365047
0.7703549060542798
-0.11184014315538326
0.17924246943036082
0.9886668654935878
-0.5949895615866387
0.9982105577095138
0.7769161944527289
-0.5550253504324485
-0.9958246346555324
0.15538323889054573
0.696391291380853
-0.17626006561288388
0.22517148821950494
0.3301521025946913
0.8121085594989561
0.7769161944527289
0.16910229645093944
0.2657321801371906
0.3301521025946913
0.8121085594989561
0.7769161944527289
0.16910229645093944
0.2657321801371906
-0.2555920071577691
0.3909931404712198
-0.039665970772442494
0.7548464062033999
-0.4196242171189979
0.5532359081419624
0.39397554428869674
0.8013719057560393
0.14941843125559195
0.2657321801371906
0.5532359081419624
0.39397554428869674
0.8013719057560393
0.14941843125559195
0.2657321801371906
0.3575902177154787
0.516254100805249
0.39397554428869674
0.8013719057560393
0.9302117506710409
0.16790933492394866
0.788249328959141
-0.15597971965404112
0.2657321801371906
0.046823739934387154
0.5532359081419624
0.14941843125559195
0.5764986579182821
-0.1380852967491799
0.22517148821950494
0.7769161944527289
-0.16969877721443494
0.5621831195943932
0.41664181330152106
0.8693707127945124
0.686847599164927
0.9236504622725917
0.03071875932001189
0.8121085594989561
0.7870563674321504
0.3575902177154787
0.39397554428869674
0.5764986579182821
0.5317626006561289
0.19654041157172686
-0.465553235908142
-0.17029525797793021
0.9850879809126156
0.6045332538025648
0.6182523113629586
0.949299135102893
0.2657321801371906
-0.1380852967491799
-0.9129138085296749
0.932001192961527
0.7107068297047421
-0.16969877721443494
0.39397554428869674
0.8013719057560393
0.5532359081419624
0.046823739934387154
0.34267819862809423
0.5764986579182821
0.7709513868177751
0.7870563674321504
0.900387712496272
0.21503131524008345
-0.08022666269012824
0.4554130629287205
-0.36116910229645094
0.7870563674321504
0.7107068297047421
0.39397554428869674
0.8013719057560393
-0.1291380852967492
-0.16969877721443494
-0.5502535043244856
0.4566060244557113
0.9982105577095138
-0.1291380852967492
0.1333134506412168
-0.5502535043244856
0.4566060244557113
0.9982105577095138
-0.1291380852967492
0.1333134506412168
-0.1291380852967492
0.22517148821950494
-0.17626006561288388
0.949299135102893
0.9761407694601849
0.39397554428869674
0.1333134506412168
0.5764986579182821
0.9403519236504623
-0.1434536236206383
-0.5550253504324485
-0.16969877721443494
-0.1291380852967492
0.2705040262451536
-0.6880405606919178
-0.3820459290187892
-0.9063525201312257
-0.0629287205487623
0.8013719057560393
0.9976140769460184
-0.7160751565762005
-0.9349835967790039
-0.7942141365940949
-0.1291380852967492
0.39397554428869674
0.2657321801371906
0.7769161944527289
-0.16969877721443494
-0.5550253504324485
0.5317626006561289
-0.0014912019087385264
0.5764986579182821
-0.15955860423501345
-0.5502535043244856
0.2460483149418431
-0.1434536236206383
0.5532359081419624
0.2657321801371906
0.3575902177154787
0.39397554428869674
0.8013719057560393
0.5764986579182821
-0.1291380852967492
0.14941843125559195
0.8013719057560393
0.19117208470026836
0.5764986579182821
0.5532359081419624
0.39397554428869674
0.7769161944527289
0.8121085594989561
0.949299135102893
0.9606322696093051
0.056367432150313146
0.5484640620339993
-0.1380852967491799
-0.10945422010140171
0.9117208470026842
0.14941843125559195
0.3301521025946913
0.9761407694601849
0.8013719057560393
-0.4721145243065912
0.4953772740829109
0.9582463465553236
0.878317924246943
0.9582463465553236
0.8258276170593498
0.3999403519236505
0.963614673426782
-0.07784073963614668
0.528780196838652
0.6576200417536535
0.21861019982105578
0.8425290784372204
0.773933790635252
0.5079033701163138
-0.4100805249030719
0.914703250820161
-0.414852371011035
0.11720847002684165
0.26811810319117213
-0.09394572025052184
0.30450342976439004
0.6999701759618253
0.2728899492991351
-0.3170295257977931
-0.5359379660005965
0.606322696093051
-0.3820459290187892
-0.3820459290187892
0.22517148821950494
0.7476886370414555
-0.6546376379361765
0.5800775424992544
0.22517148821950494
0.7476886370414555
-0.6546376379361765
0.5800775424992544
0.32776617954070986
0.6355502535043245
0.528780196838652
0.6319713689233522
0.9707724425887265
0.39397554428869674
-0.6021473307485834
0.9982105577095138
0.4619743513271697
-0.06949000894721147
0.07545481658216524
-0.07187593200119302
0.9325976737250223
-0.1291380852967492
0.5991649269311065
-0.029525797793021225
0.16969877721443483
-0.990456307784074
0.39397554428869674
0.7536534446764092
-0.37966000596480765
-0.2830301222785565
0.13510289293170297
-0.07127945123769752
-0.1380852967491799
0.5663584849388608
0.2657321801371906
0.2657321801371906
-0.16969877721443494
-0.1434536236206383
0.5788845809722636
0.2705040262451536
-0.39397554428869674
0.22517148821950494
0.5079033701163138
0.7464956755144647
0.8013719057560393
0.39397554428869674
-0.1291380852967492
0.5764986579182821
0.13510289293170297
-0.9391589621234715
0.7810915597971966
0.16373396957948105
0.8872651356993737
0.16969877721443483
0.3104682373993438
0.5329555621831196
0.17924246943036082
0.8407396361467343
0.42081717864598867
0.3301521025946913
-0.718461079630182
-0.14405010438413357
0.5532359081419624
0.9689830002982404
0.2657321801371906
-0.16969877721443494
-0.1434536236206383
0.5788845809722636
0.2705040262451536
-0.39397554428869674
0.22517148821950494
0.5079033701163138
0.7464956755144647
0.8013719057560393
0.39397554428869674
-0.1291380852967492
0.5764986579182821
0.13510289293170297
-0.9391589621234715
0.7810915597971966
0.16373396957948105
0.8872651356993737
0.16969877721443483
0.3104682373993438
0.5329555621831196
0.17924246943036082
0.8407396361467343
0.42081717864598867
0.2728899492991351
0.6999701759618253
0.995228153892037
-0.1291380852967492
0.5764986579182821
0.3575902177154787
0.9325976737250223
0.7769161944527289
0.39397554428869674
0.9606322696093051
0.25678496868475986
0.3719057560393677
0.5860423501342082
0.5341485237101103
-0.1339099314047123
-0.1434536236206383
-0.0014912019087385264
0.8896510587533553
0.7572323292573815
0.7709513868177751
0.5764986579182821
0.9182821354011333
-0.006859528780196911
-0.19773337309871764
-0.1291380852967492
0.39397554428869674
-0.1380852967491799
0.7769161944527289
-0.16969877721443494
0.5764986579182821
0.7476886370414555
0.8013719057560393
-0.3581866984789741
0.9976140769460184
0.39397554428869674
0.8013719057560393
-0.04026245153593799
0.7572323292573815
0.949299135102893
0.5991649269311065
-0.38443185207277075
0.7870563674321504
0.932001192961527
0.2657321801371906
-0.16969877721443494
0.7476886370414555
0.2657321801371906
0.7769161944527289
0.39397554428869674
0.8013719057560393
-0.1291380852967492
0.5764986579182821
-0.1434536236206383
0.15538323889054573
-0.1434536236206383
-0.5550253504324485
-0.16969877721443494
-0.1291380852967492
0.39397554428869674
0.8425290784372204
0.48643006263048016
-0.44586937071279453
0.8824932895914107
0.012227855651655184
0.7870563674321504
0.45899194750969285
0.5401133313450641
0.9976140769460184
-0.1291380852967492
0.39397554428869674
-0.1380852967491799
0.7769161944527289
-0.16969877721443494
0.5764986579182821
0.7476886370414555
0.8013719057560393
-0.3581866984789741
0.2657321801371906
0.7769161944527289
0.39397554428869674
0.5317626006561289
-0.1291380852967492
0.5764986579182821
0.6653742916790933
0.9606322696093051
0.949299135102893
0.8896510587533553
0.9606322696093051
0.39397554428869674
0.2657321801371906
0.7769161944527289
-0.1291380852967492
-0.1380852967491799
0.6940053683268714
0.3575902177154787
0.3301521025946913
0.5764986579182821
-0.7703549060542798
0.3963614673426782
-0.9087384431852072
0.16433045034297644
0.958842827318819
-0.4804652549955264
0.6510587533552044
0.42201014017297944
0.5532359081419624
0.3719057560393677
0.3575902177154787
0.39397554428869674
0.7870563674321504
0.9976140769460184
-0.9129138085296749
0.932001192961527
0.5764986579182821
0.39397554428869674
0.2657321801371906
-0.16969877721443494
0.2454518341783477
0.33373098717566363
-0.4721145243065912
0.3575902177154787
0.9606322696093051
0.9117208470026842
-0.1434536236206383
-0.0014912019087385264
0.8896510587533553
0.7572323292573815
0.7709513868177751
0.5764986579182821
0.9182821354011333
-0.006859528780196911
-0.19773337309871764
-0.1291380852967492
0.5764986579182821
0.2657321801371906
-0.5550253504324485
0.7769161944527289
-0.16969877721443494
0.39397554428869674
0.8013719057560393
-0.1434536236206383
0.4148523710110349
0.3104682373993438
0.5079033701163138
0.16969877721443483
0.2728899492991351
0.9403519236504623
0.5532359081419624
-0.17029525797793021
-0.5502535043244856
0.9982105577095138
0.7769161944527289
0.7769161944527289
0.2657321801371906
0.39397554428869674
0.5764986579182821
-0.28660900685952884
0.7769161944527289
-0.1291380852967492
0.5764986579182821
-0.17029525797793021
0.8013719057560393
0.39397554428869674
0.6617954070981211
-0.015806740232627403
-0.1291380852967492
0.7614076946018491
0.2728899492991351
0.9164926931106472
0.6999701759618253
0.2657321801371906
0.7769161944527289
0.39397554428869674
0.5317626006561289
-0.1291380852967492
0.5764986579182821
0.6653742916790933
0.9606322696093051
0.949299135102893
0.8896510587533553
0.7769161944527289
-0.24783775723232915
0.9164926931106472
0.16910229645093944
0.39397554428869674
0.3301521025946913
0.9689830002982404
0.9761407694601849
0.949299135102893
0.5359379660005965
0.3301521025946913
0.9689830002982404
0.9761407694601849
0.949299135102893
0.5359379660005965
0.5532359081419624
-0.17029525797793021
-0.5502535043244856
0.9982105577095138
0.7769161944527289
0.5424992543990457
0.39397554428869674
0.5317626006561289
-0.5550253504324485
-0.16969877721443494
-0.1291380852967492
0.5764986579182821
0.3575902177154787
0.9982105577095138
0.6653742916790933
0.9689830002982404
0.9761407694601849
0.949299135102893
-0.5084998508798091
0.5359379660005965
0.5532359081419624
0.8121085594989561
0.7769161944527289
0.2657321801371906
0.3575902177154787
0.949299135102893
0.9761407694601849
0.625410080524903
0.3719057560393677
0.9606322696093051
0.4619743513271697
0.3575902177154787
0.39397554428869674
0.16910229645093944
0.39397554428869674
0.8013719057560393
0.8896510587533553
-0.6021473307485834
0.9218610199821056
-0.5550253504324485
-0.16969877721443494
0.3301521025946913
0.9689830002982404
0.9761407694601849
0.39397554428869674
0.5359379660005965
0.6880405606919178
-0.20310169997017602
0.39397554428869674
0.8013719057560393
0.9302117506710409
-0.17029525797793021
0.9182821354011333
0.5424992543990457
0.2657321801371906
0.3963614673426782
0.6940053683268714
0.9624217118997912
0.046823739934387154
0.7769161944527289
0.18580375782880998
0.5532359081419624
0.7107068297047421
0.39397554428869674
0.8013719057560393
-0.1380852967491799
0.39397554428869674
-0.1380852967491799
0.5532359081419624
0.7107068297047421
0.8013719057560393
0.5532359081419624
0.2657321801371906
0.39397554428869674
-0.06949000894721147
-0.6021473307485834
0.5532359081419624
0.3719057560393677
-0.6093050999105278
0.8013719057560393
-0.06949000894721147
0.9308082314345363
-0.1380852967491799
0.3963614673426782
0.6999701759618253
0.41664181330152106
0.9689830002982404
0.9761407694601849
0.949299135102893
0.5359379660005965
-0.1380852967491799
0.7614076946018491
0.7769161944527289
0.2657321801371906
0.39397554428869674
-0.1380852967491799
-0.1291380852967492
0.9325976737250223
0.7721443483447659
-0.819862809424396
0.17387414255890243
0.39397554428869674
0.7769161944527289
0.2657321801371906
0.7536534446764092
0.6391291380852968
0.7924246943036087
0.3575902177154787
0.2728899492991351
0.2657321801371906
0.7769161944527289
0.39397554428869674
0.27527587235311657
0.9982105577095138
0.8013719057560393
-0.1291380852967492
0.8896510587533553
0.13510289293170297
0.2657321801371906
0.7769161944527289
0.39397554428869674
0.27527587235311657
0.9982105577095138
0.8013719057560393
-0.1291380852967492
0.8896510587533553
0.13510289293170297
0.5532359081419624
0.9982105577095138
0.7769161944527289
0.39397554428869674
0.046823739934387154
0.39397554428869674
0.8013719057560393
0.5532359081419624
0.7536534446764092
0.9600357888458098
0.2657321801371906
0.39397554428869674
0.8013719057560393
0.7107068297047421
0.5532359081419624
0.5532359081419624
0.7769161944527289
0.2657321801371906
0.39397554428869674
0.8013719057560393
0.9761407694601849
0.9982105577095138
0.949299135102893
0.4619743513271697
0.39397554428869674
0.7530569639129138
-0.1380852967491799
0.06173575902177153
0.7954070981210856
0.8681777512675216
-0.44050104384133615
-0.1291380852967492
-0.1380852967491799
0.06173575902177153
0.7954070981210856
0.8681777512675216
-0.44050104384133615
-0.1291380852967492
0.5371309275275873
0.7107068297047421
-0.16969877721443494
0.39397554428869674
0.9982105577095138
-0.16671637339695788
0.949299135102893
0.7572323292573815
0.9982105577095138
0.7769161944527289
0.2657321801371906
0.3575902177154787
0.39397554428869674
0.8013719057560393
0.8896510587533553
0.5764986579182821
0.5317626006561289
0.8634059051595586
0.19654041157172686
0.6653742916790933
0.39397554428869674
0.2657321801371906
0.7769161944527289
0.8252311362958544
0.7333730987175664
0.19654041157172686
-0.7781091559797197
0.5424992543990457
0.5317626006561289
0.8013719057560393
0.45422010140172975
-0.1380852967491799
0.8634059051595586
0.7870563674321504
-0.9451237697584254
0.6546376379361766
0.7476886370414555
-0.06949000894721147
-0.6021473307485834
0.8628094243960632
-0.5007456009543692
0.39397554428869674
0.2657321801371906
0.7769161944527289
0.7924246943036087
0.3575902177154787
0.5317626006561289
0.9606322696093051
0.5764986579182821
0.6653742916790933
0.8013719057560393
0.19654041157172686
0.7870563674321504
0.16969877721443483
-0.17029525797793021
0.5532359081419624
0.9982105577095138
-0.7643900984193259
0.7769161944527289
0.8013719057560393
0.949299135102893
0.3719057560393677
0.9302117506710409
0.5764986579182821
0.9308082314345363
0.8663883089770354
-0.23113629585445872
0.39397554428869674
0.8013719057560393
-0.1291380852967492
0.2657321801371906
0.7769161944527289
-0.1434536236206383
-0.7626006561288399
0.7464956755144647
0.8872651356993737
0.30927527587235315
0.528780196838652
0.2657321801371906
-0.4577989859827021
-0.7983895019385625
0.2657321801371906
0.39397554428869674
0.8013719057560393
-0.06949000894721147
-0.6021473307485834
0.3301521025946913
0.9689830002982404
0.9761407694601849
0.3719057560393677
0.3963614673426782
0.5532359081419624
0.9982105577095138
0.39397554428869674
0.8013719057560393
-0.1380852967491799
-0.5550253504324485
-0.16969877721443494
0.39397554428869674
0.8013719057560393
0.05577095138681776
0.949299135102893
0.9761407694601849
0.3301521025946913
-0.6242171189979122
0.8896510587533553
0.5764986579182821
0.7870563674321504
-0.9534745004473606
-0.31464360274381153
0.2460483149418431
0.7596182523113629
0.171488219504921
-0.16969877721443494
0.39397554428869674
0.7107068297047421
-0.1380852967491799
0.3575902177154787
0.8896510587533553
-0.1291380852967492
0.8121085594989561
0.9606322696093051
0.949299135102893
0.8013719057560393
0.5317626006561289
0.5764986579182821
0.949299135102893
-0.1380852967491799
0.3301521025946913
-0.7297942141365941
-0.10945422010140171
0.8681777512675216
0.8896510587533553
-0.990456307784074
-0.4112734864300627
0.2657321801371906
-0.16969877721443494
0.3575902177154787
0.39397554428869674
0.8013719057560393
0.443483447658813
0.26215329555621836
0.9606322696093051
0.788249328959141
0.7870563674321504
0.42081717864598867
0.949299135102893
-0.1380852967491799
0.3301521025946913
-0.7297942141365941
-0.10945422010140171
0.39397554428869674
0.046823739934387154
0.8013719057560393
0.9982105577095138
0.7107068297047421
-0.17745302713987465
0.39397554428869674
-0.5550253504324485
0.7769161944527289
0.8252311362958544
0.7816880405606919
-0.1380852967491799
-0.7781091559797197
0.7924246943036087
0.3575902177154787
0.7476886370414555
-0.5550253504324485
-0.1291380852967492
0.3301521025946913
0.9761407694601849
-0.4709215627796004
-0.5824634655532359
-0.4381151207873546
0.3575902177154787
0.9606322696093051
0.49060542797494777
0.949299135102893
0.05577095138681776
0.8013719057560393
0.3301521025946913
0.2657321801371906
0.39397554428869674
0.7769161944527289
-0.2543990456307783
0.49239487026543394
-0.546078138980018
-0.4059051595586043
0.8675812705040262
0.9284223083805547
-0.40650164032209957
0.9982105577095138
0.7107068297047421
0.8013719057560393
-0.1291380852967492
0.16015508499850883
0.16313748881598567
0.6069191768565464
0.7769161944527289
0.3719057560393677
0.2657321801371906
0.39397554428869674
0.8013719057560393
-0.1291380852967492
0.7924246943036087
0.3575902177154787
0.3301521025946913
0.39397554428869674
0.16313748881598567
0.8425290784372204
0.27527587235311657
0.44944825529376675
0.7769161944527289
0.7107068297047421
0.5532359081419624
0.2657321801371906
0.39397554428869674
0.046823739934387154
0.14941843125559195
0.8896510587533553
0.9606322696093051
0.8121085594989561
0.9325976737250223
0.3575902177154787
0.39397554428869674
0.7769161944527289
0.2657321801371906
0.2728899492991351
0.7870563674321504
0.42081717864598867
0.39397554428869674
0.949299135102893
0.3301521025946913
0.2657321801371906
0.7769161944527289
-0.34625708320906656
0.9982105577095138
0.39397554428869674
0.5317626006561289
-0.49120190873844316
0.6248135997614077
0.8813003280644199
-0.1380852967491799
-0.08022666269012824
0.9707724425887265
0.37429167909334926
0.5949895615866388
0.5580077542499254
-0.40650164032209957
0.13510289293170297
0.5568147927229347
0.7387414255890248
0.7757232329257382
-0.2872054876230241
0.8383537130927528
-0.4703250820161049
-0.9737548464062034
-0.7995824634655533
0.9498956158663883
0.2728899492991351
0.3719057560393677
0.3575902177154787
-0.5502535043244856
0.7769161944527289
0.39397554428869674
0.6576200417536535
0.5532359081419624
-0.17029525797793021
0.9689830002982404
0.8252311362958544
0.8663883089770354
-0.5550253504324485
0.7769161944527289
0.8013719057560393
0.9982105577095138
-0.9349835967790039
0.7727408291082613
0.7924246943036087
0.5079033701163138
-0.1434536236206383
0.8872651356993737
0.7464956755144647
0.8663883089770354
0.9982105577095138
0.7107068297047421
0.39397554428869674
0.8013719057560393
0.046823739934387154
0.7345660602445572
0.3575902177154787
0.2728899492991351
0.009245451834178353
-0.1380852967491799
0.39397554428869674
0.7107068297047421
0.7769161944527289
0.3575902177154787
-0.1291380852967492
-0.1434536236206383
0.16969877721443483
0.7464956755144647
-0.9594393080823143
0.3575902177154787
0.8896510587533553
-0.3408887563376082
-0.9266328660900687
-0.1380852967491799
-0.7620041753653444
0.9528780196838652
0.39397554428869674
0.42081717864598867
0.9564569042648374
0.9731583656427081
0.8121085594989561
0.2657321801371906
-0.7333730987175664
0.44467640918580376
-0.990456307784074
-0.8675812705040262
0.32716969877721447
-0.5132716969877722
0.9451237697584253
0.2657321801371906
0.22517148821950494
0.7769161944527289
0.8013719057560393
0.39397554428869674
-0.6880405606919178
-0.3820459290187892
-0.1291380852967492
-0.1380852967491799
-0.8681777512675217
0.8681777512675216
0.26215329555621836
-0.3396957948106174
0.7107068297047421
0.39397554428869674
0.5532359081419624
-0.16969877721443494
0.14941843125559195
-0.16313748881598578
-0.2502236802863107
0.5597971965404116
0.5764986579182821
0.6492693110647181
0.3104682373993438
-0.6767074261855055
0.5079033701163138
0.637936176558306
0.917685654637638
0.3719057560393677
0.7769161944527289
0.8013719057560393
-0.1291380852967492
0.2657321801371906
0.39397554428869674
-0.1434536236206383
0.5532359081419624
0.7107068297047421
0.39397554428869674
0.8013719057560393
-0.1380852967491799
0.13510289293170297
0.16910229645093944
-0.9302117506710408
-0.10408589322994333
0.7769161944527289
0.39397554428869674
0.06173575902177153
-0.1380852967491799
0.7954070981210856
-0.9206680584551148
-0.1380852967491799
0.9606322696093051
-0.5776916194452728
0.6898300029824038
0.39397554428869674
0.2657321801371906
0.7769161944527289
0.2728899492991351
-0.584252907843722
0.5562183119594393
0.6928124067998807
-0.3158365642708023
-0.16254100805249028
-0.7244258872651357
-0.6164628690724725
0.3963614673426782
0.5013420817178647
0.5663584849388608
0.8985982702057859
-0.4852371011034895
0.484640620339994
0.7757232329257382
0.14941843125559195
0.9564569042648374
0.4470623322397853
-0.5711303310468236
-0.9838950193856248
-0.6164628690724725
-0.12078735460781398
0.4900089472114524
0.22636444974649572
-0.17029525797793021
-0.3385028332836266
0.9606322696093051
0.9242469430360871
-0.5550253504324485
0.3575902177154787
-0.16969877721443494
0.39397554428869674
0.5764986579182821
-0.1434536236206383
-0.17029525797793021
-0.5502535043244856
0.13510289293170297
0.8013719057560393
-0.1291380852967492
0.8896510587533553
0.3575902177154787
-0.1291380852967492
0.16969877721443483
-0.1434536236206383
0.8121085594989561
0.39397554428869674
0.3301521025946913
0.21503131524008345
0.9689830002982404
0.949299135102893
0.39397554428869674
0.1333134506412168
0.528780196838652
0.21861019982105578
-0.07784073963614668
-0.22875037280047716
0.5019385624813599
0.22517148821950494
-0.17626006561288388
-0.584252907843722
0.1428571428571429
-0.7053385028332837
0.9290187891440501
0.6307784073963615
0.2657321801371906
0.7769161944527289
0.39397554428869674
0.8896510587533553
0.7757232329257382
0.48702654339397555
0.8013719057560393
0.6373396957948105
0.7464956755144647
-0.5794810617357591
-0.1380852967491799
-0.1434536236206383
-0.07903370116313746
0.6069191768565464
0.5281837160751566
0.16015508499850883
0.7769161944527289
0.1846107963018193
0.6206382344169401
-0.07127945123769752
0.3450641216820758
0.3725022368028631
0.39397554428869674
-0.1291380852967492
0.4566060244557113
0.39397554428869674
0.2657321801371906
0.7769161944527289
0.7107068297047421
0.34625708320906656
-0.7309871756635848
0.2657321801371906
-0.688637041455413
-0.021771547867581287
-0.21025946913212046
0.3575902177154787
0.8681777512675216
-0.8061437518640024
-0.7309871756635848
-0.1380852967491799
0.2657321801371906
0.9528780196838652
0.3301521025946913
0.5532359081419624
0.7924246943036087
-0.7399343871160156
0.08917387414255895
0.949299135102893
-0.17029525797793021
-0.1380852967491799
0.7924246943036087
0.7769161944527289
0.16313748881598567
0.6069191768565464
0.5532359081419624
0.3719057560393677
0.3575902177154787
0.39397554428869674
-0.5502535043244856
0.949299135102893
0.9045630778407396
-0.15240083507306879
0.6313748881598569
-0.1380852967491799
-0.1291380852967492
0.39397554428869674
0.5687444079928422
0.7769161944527289
-0.16969877721443494
0.8031613480465255
-0.1434536236206383
0.16015508499850883
0.2705040262451536
-0.5502535043244856
0.7769161944527289
0.7107068297047421
-0.1291380852967492
0.7464956755144647
0.4518341783477483
0.2657321801371906
-0.1434536236206383
0.5079033701163138
0.39397554428869674
0.8013719057560393
0.7107068297047421
0.046823739934387154
0.9982105577095138
0.5424992543990457
0.2657321801371906
-0.1291380852967492
0.39397554428869674
-0.16969877721443494
0.7870563674321504
-0.9045630778407396
0.5281837160751566
0.16015508499850883
0.7769161944527289
0.1846107963018193
0.6206382344169401
0.7757232329257382
-0.38860721741723836
-0.14822546972860118
-0.2120489114226065
-0.7262153295556217
0.2657321801371906
0.7769161944527289
-0.1291380852967492
0.39397554428869674
0.8013719057560393
-0.9463167312854159
-0.5550253504324485
-0.5687444079928423
0.9982105577095138
-0.1434536236206383
0.9606322696093051
0.3575902177154787
0.16969877721443483
0.42081717864598867
0.8896510587533553
-0.5550253504324485
0.7769161944527289
0.39397554428869674
0.2728899492991351
-0.21025946913212046
0.5764986579182821
0.39397554428869674
0.9087384431852072
0.9982105577095138
0.7614076946018491
-0.1380852967491799
0.5991649269311065
-0.5550253504324485
-0.16969877721443494
0.5926036385326573
0.7924246943036087
-0.5502535043244856
0.7560393677303907
0.3575902177154787
0.39397554428869674
0.949299135102893
0.7107068297047421
-0.16969877721443494
-0.18341783477482854
0.8896510587533553
0.9606322696093051
0.5317626006561289
0.19654041157172686
0.9982105577095138
-0.31464360274381153
-0.7178645988666865
0.2561884879212646
0.788249328959141
0.8741425589024754
0.6653742916790933
0.5764986579182821
0.7816880405606919
-0.6152699075454817
0.22517148821950494
-0.5550253504324485
-0.16969877721443494
0.39397554428869674
0.8013719057560393
0.05577095138681776
0.949299135102893
0.9761407694601849
0.3301521025946913
0.2657321801371906
0.7769161944527289
0.39397554428869674
0.7464956755144647
0.7476886370414555
-0.5949895615866387
-0.010438413361169019
0.7649865791828213
-0.49716671637339704
0.8133015210259469
0.8013719057560393
0.39397554428869674
0.6206382344169401
-0.17626006561288388
0.8991947509692813
-0.8622129436325678
0.31941544885177453
-0.06949000894721147
0.9689830002982404
0.7769161944527289
0.39397554428869674
0.8013719057560393
-0.1291380852967492
0.22517148821950494
-0.17626006561288388
-0.9803161348046525
0.8425290784372204
0.48643006263048016
0.44467640918580376
0.2657321801371906
0.7769161944527289
-0.1291380852967492
0.5764986579182821
0.3736951983298539
0.5317626006561289
0.6653742916790933
-0.15955860423501345
0.2657321801371906
0.7769161944527289
0.39397554428869674
0.9982105577095138
0.8013719057560393
0.5764986579182821
-0.1291380852967492
0.900387712496272
0.3301521025946913
-0.5502535043244856
0.40172979421413657
0.8121085594989561
0.7345660602445572
0.39397554428869674
0.5424992543990457
0.9970175961825232
0.16731285416045327
-0.8335818669847896
0.27169698777214435
0.7709513868177751
-0.1291380852967492
0.5764986579182821
-0.23113629585445872
0.7870563674321504
0.4279749478079332
0.42081717864598867
-0.5711303310468236
0.7464956755144647
0.5788845809722636
0.6653742916790933
-0.16969877721443494
-0.5550253504324485
0.5532359081419624
0.9982105577095138
0.49060542797494777
0.7870563674321504
0.7107068297047421
0.3301521025946913
0.9689830002982404
0.9761407694601849
0.9982105577095138
0.3719057560393677
0.7476886370414555
0.9606322696093051
0.7107068297047421
-0.1434536236206383
0.8872651356993737
0.39397554428869674
-0.23352221890844027
-0.1291380852967492
0.9976140769460184
0.932001192961527
0.7870563674321504
-0.6880405606919178
0.16850581568744405
0.2842230838055473
0.7464956755144647
0.3301521025946913
0.9689830002982404
0.9761407694601849
0.9982105577095138
0.3719057560393677
0.7476886370414555
0.9606322696093051
0.7107068297047421
-0.1434536236206383
0.8872651356993737
0.39397554428869674
-0.23352221890844027
-0.1291380852967492
0.9976140769460184
0.932001192961527
0.7870563674321504
-0.6880405606919178
0.16850581568744405
0.2842230838055473
0.7464956755144647
0.3301521025946913
0.9982105577095138
0.39397554428869674
0.8013719057560393
-0.1291380852967492
0.3575902177154787
0.949299135102893
0.584252907843722
0.7631971368923353
-0.1380852967491799
0.2657321801371906
0.39397554428869674
0.5532359081419624
0.7769161944527289
-0.5084998508798091
0.9982105577095138
0.7769161944527289
0.7107068297047421
0.39397554428869674
0.8013719057560393
0.5532359081419624
0.9982105577095138
0.39397554428869674
0.8013719057560393
0.046823739934387154
0.7769161944527289
0.7870563674321504
0.2657321801371906
0.8013719057560393
0.7464956755144647
0.39397554428869674
0.5991649269311065
0.9976140769460184
-0.8013719057560393
0.9087384431852072
0.5079033701163138
-0.4100805249030719
0.8628094243960632
0.8872651356993737
0.2657321801371906
0.13510289293170297
0.7476886370414555
0.39397554428869674
0.44944825529376675
0.7769161944527289
0.2657321801371906
0.39397554428869674
-0.1380852967491799
-0.46793915896212357
0.9606322696093051
0.2657321801371906
0.7769161944527289
0.9982105577095138
0.3575902177154787
0.39397554428869674
0.7679689830002983
0.16969877721443483
0.5466746197435133
0.24903071875932004
0.7876528481956457
0.5454816582165225
0.9922457500745601
0.7793021175067104
-0.10408589322994333
0.7178645988666865
0.8985982702057859
-0.19296152699075453
-0.1291380852967492
0.39397554428869674
-0.5550253504324485
0.7769161944527289
-0.15836564270802267
0.5991649269311065
0.5317626006561289
0.6462869072472412
-0.5102892931702954
0.9976140769460184
-0.4375186400238593
-0.6844616761109454
0.1613480465254995
-0.1852072770653146
-0.06770056665672541
0.4279749478079332
0.8431255592007157
0.08798091261556817
0.39397554428869674
0.8425290784372204
0.5532359081419624
0.7870563674321504
0.4196242171189979
0.7107068297047421
-0.16969877721443494
0.5991649269311065
0.16731285416045327
0.5317626006561289
-0.08022666269012824
0.7524604831494184
0.046823739934387154
0.8013719057560393
0.5532359081419624
0.7870563674321504
0.8252311362958544
-0.3379063525201311
0.8425290784372204
-0.6880405606919178
0.3492394870265434
0.9606322696093051
0.7769161944527289
0.9982105577095138
0.7268118103191172
-0.1291380852967492
0.7709513868177751
0.39397554428869674
0.3575902177154787
0.3909931404712198
0.5764986579182821
0.7870563674321504
-0.23710110348941238
0.9761407694601849
0.9982105577095138
0.949299135102893
-0.07008648971070675
0.7476886370414555
-0.17626006561288388
0.7464956755144647
0.8872651356993737
0.2657321801371906
0.7769161944527289
0.8013719057560393
0.5991649269311065
-0.7166716373396957
-0.8335818669847896
0.4279749478079332
0.2842230838055473
0.39397554428869674
0.5532359081419624
0.9982105577095138
0.39397554428869674
0.8013719057560393
-0.1380852967491799
0.5532359081419624
0.7769161944527289
0.16313748881598567
0.5764986579182821
-0.1291380852967492
0.5532359081419624
0.9982105577095138
0.39397554428869674
0.8013719057560393
0.046823739934387154
0.7709513868177751
-0.1291380852967492
0.7769161944527289
0.2657321801371906
0.5764986579182821
0.9982105577095138
0.2728899492991351
0.7870563674321504
-0.9206680584551148
-0.1380852967491799
0.9606322696093051
-0.5776916194452728
0.6898300029824038
0.39397554428869674
0.2657321801371906
0.7769161944527289
0.2728899492991351
-0.584252907843722
0.5562183119594393
0.6928124067998807
-0.3158365642708023
-0.16254100805249028
-0.7244258872651357
-0.6164628690724725
0.3963614673426782
0.5013420817178647
0.5663584849388608
0.8985982702057859
-0.4852371011034895
0.484640620339994
0.7757232329257382
0.14941843125559195
0.9564569042648374
0.4470623322397853
-0.5711303310468236
-0.9838950193856248
-0.6164628690724725
-0.12078735460781398
0.4900089472114524
-0.1798389501938562
-0.7673725022368028
0.39397554428869674
0.9982105577095138
0.04742022069788254
0.5317626006561289
0.19654041157172686
0.6653742916790933
-0.5126752162242767
0.8013719057560393
0.3575902177154787
0.516254100805249
0.5764986579182821
0.9594393080823144
0.6874440799284223
0.42081717864598867
0.43155383238890543
0.8693707127945124
0.9236504622725917
0.8013719057560393
0.5281837160751566
0.7870563674321504
-0.8437220399642111
0.7107068297047421
0.5532359081419624
-0.15955860423501345
0.2657321801371906
0.39397554428869674
-0.1291380852967492
0.7274082910826125
0.9982105577095138
0.7769161944527289
0.5281837160751566
0.7870563674321504
0.3719057560393677
0.7107068297047421
0.3575902177154787
0.39397554428869674
0.9594393080823144
0.2657321801371906
0.7769161944527289
-0.21025946913212046
0.7793021175067104
0.5764986579182821
-0.13033104682373997
0.2705040262451536
0.39397554428869674
-0.1434536236206383
-0.5794810617357591
0.7464956755144647
-0.16969877721443494
-0.5550253504324485
0.8013719057560393
0.14941843125559195
0.949299135102893
0.39397554428869674
0.2657321801371906
-0.1380852967491799
0.9606322696093051
0.927229346853564
-0.17029525797793021
0.5317626006561289
0.3575902177154787
0.42081717864598867
0.2728899492991351
-0.5550253504324485
-0.16969877721443494
0.8013719057560393
0.39397554428869674
-0.1434536236206383
0.7107068297047421
-0.16969877721443494
-0.1291380852967492
0.39397554428869674
-0.30927527587235315
-0.18162839248434248
-0.26215329555621825
0.7464956755144647
0.13510289293170297
0.9982105577095138
0.7476886370414555
-0.7363555025350432
0.735759021771548
0.819862809424396
0.22517148821950494
-0.17626006561288388
0.8288100208768268
0.555621831195944
0.44527288994929914
0.3301521025946913
-0.5502535043244856
0.40172979421413657
0.8121085594989561
0.7345660602445572
0.2657321801371906
0.7769161944527289
0.9982105577095138
0.7709513868177751
-0.38443185207277075
0.7870563674321504
0.7464956755144647
0.8872651356993737
-0.1291380852967492
0.9976140769460184
-0.1434536236206383
-0.39397554428869674
0.8896510587533553
0.5764986579182821
0.3355204294661497
0.2657321801371906
0.7769161944527289
0.8013719057560393
0.39397554428869674
-0.1291380852967492
0.949299135102893
0.9761407694601849
0.9892633462570832
0.3575902177154787
-0.1434536236206383
0.9606322696093051
0.7286012526096033
-0.9803161348046525
0.8425290784372204
0.48643006263048016
-0.08499850879809134
-0.0014912019087385264
0.27527587235311657
0.13510289293170297
-0.433939755442887
-0.12317327766179531
0.6194452728899493
0.8013719057560393
0.7769161944527289
0.39397554428869674
0.3301521025946913
0.9982105577095138
-0.1434536236206383
-0.07903370116313746
0.5329555621831196
0.7107068297047421
-0.16969877721443494
-0.1380852967491799
0.5764986579182821
-0.1291380852967492
0.8013719057560393
0.4518341783477483
0.8872651356993737
0.7464956755144647
0.5079033701163138
-0.0014912019087385264
-0.13033104682373997
-0.07127945123769752
0.9982105577095138
0.39397554428869674
0.8013719057560393
-0.6212347151804354
0.9087384431852072
0.9117208470026842
0.48643006263048016
-0.08499850879809134
0.13510289293170297
0.7769161944527289
-0.5550253504324485
-0.1291380852967492
0.21861019982105578
-0.29495973754846405
0.1333134506412168
0.7464956755144647
-0.05517447062332237
0.5079033701163138
0.528780196838652
0.819862809424396
0.7291977333730988
0.8872651356993737
0.4518341783477483
0.39397554428869674
0.8013719057560393
-0.39815090963316435
0.5764986579182821
0.3540113331345064
-0.38860721741723836
-0.1380852967491799
0.2705040262451536
0.555621831195944
0.8789144050104384
0.44527288994929914
0.1518043543095735
0.5013420817178647
-0.9182821354011332
-0.07784073963614668
-0.40650164032209957
-0.1434536236206383
-0.17626006561288388
0.19773337309871752
0.14941843125559195
-0.17029525797793021
0.2657321801371906
0.39397554428869674
-0.1291380852967492
0.8896510587533553
0.949299135102893
-0.41664181330152106
-0.1380852967491799
0.9761407694601849
0.171488219504921
-0.42201014017297944
0.9290187891440501
0.14166418133015213
0.9934387116015508
0.36116910229645094
0.9809126155681479
-0.7071279451237698
0.46853563972561885
0.2705040262451536
-0.7363555025350432
-0.4762898896510588
0.7202505219206681
0.13510289293170297
0.2657321801371906
0.7769161944527289
0.9606322696093051
0.31464360274381153
-0.6582165225171488
0.1333134506412168
-0.9403519236504623
0.009245451834178353
0.7757232329257382
0.6767074261855055
0.2651356993736952
0.2728899492991351
0.26692514166418135
0.514464658514763
-0.3104682373993439
0.48702654339397555
0.6862511184014315
0.528780196838652
-0.07784073963614668
-0.40650164032209957
-0.30331046823739927
0.8574410975246048
0.5514464658514763
-0.1052788547569341
-0.4237995824634655
-0.584252907843722
-0.13033104682373997
0.9218610199821056
0.7918282135401133
-0.05577095138681787
-0.6397256188487921
0.21861019982105578
0.1333134506412168
0.7464956755144647
-0.21682075753056962
-0.41664181330152106
-0.9182821354011332
-0.17626006561288388
0.8944229048613183
-0.8950193856248136
0.7983895019385625
0.4232031016999702
0.5019385624813599
0.10348941246644794
-0.6880405606919178
0.87354607813898
0.645690426483746
0.8532657321801371
-0.778705636743215
0.696391291380853
-0.38860721741723836
0.47271100507008645
0.7966000596480763
0.3444676409185804
-0.8508798091261556
0.39397554428869674
0.9111243662391888
0.7870563674321504
0.9606322696093051
-0.17029525797793021
0.4709215627796004
0.9218610199821056
0.5764986579182821
0.8896510587533553
0.7769161944527289
0.2657321801371906
0.39397554428869674
-0.1291380852967492
-0.1434536236206383
0.8013719057560393
0.015806740232627514
0.6635848493886072
0.4619743513271697
0.39397554428869674
0.8896510587533553
0.5532359081419624
-0.11243662391887854
-0.17029525797793021
0.21503131524008345
0.9689830002982404
-0.16969877721443494
0.3575902177154787
-0.5550253504324485
0.49060542797494777
-0.1380852967491799
0.39397554428869674
-0.8335818669847896
-0.49120190873844316
0.7184610796301819
0.2728899492991351
0.3719057560393677
0.3575902177154787
-0.5502535043244856
0.7769161944527289
0.2657321801371906
0.7769161944527289
0.8013719057560393
0.39397554428869674
-0.1291380852967492
0.5764986579182821
0.7464956755144647
0.8872651356993737
0.7769161944527289
0.2657321801371906
0.39397554428869674
-0.1291380852967492
0.7924246943036087
-0.1983298538622129
0.8896510587533553
0.2657321801371906
0.7769161944527289
0.39397554428869674
-0.1291380852967492
0.5305696391291381
0.059946316731285365
-0.06650760512973464
0.7793021175067104
-0.6361467342678198
0.7870563674321504
0.9707724425887265
0.13510289293170297
-0.5550253504324485
0.44109752460483154
0.6319713689233522
0.8926334625708321
0.37429167909334926
0.13510289293170297
0.39397554428869674
0.7769161944527289
-0.1434536236206383
0.5532359081419624
0.7769161944527289
0.2657321801371906
0.39397554428869674
0.8013719057560393
0.9982105577095138
0.7107068297047421
-0.6093050999105278
0.8013719057560393
0.046823739934387154
0.39397554428869674
0.6576200417536535
0.5532359081419624
-0.17029525797793021
0.9689830002982404
0.3575902177154787
0.5764986579182821
0.8896510587533553
0.2657321801371906
0.7769161944527289
-0.1291380852967492
0.39397554428869674
0.14941843125559195
0.9982105577095138
0.5532359081419624
0.7769161944527289
0.2657321801371906
0.8013719057560393
0.7536534446764092
0.8252311362958544
0.8663883089770354
-0.5550253504324485
0.7769161944527289
0.8013719057560393
0.9982105577095138
-0.9349835967790039
0.7727408291082613
0.9689830002982404
0.9761407694601849
0.7107068297047421
0.39397554428869674
-0.1291380852967492
0.5532359081419624
0.2657321801371906
0.39397554428869674
0.046823739934387154
0.14941843125559195
0.7769161944527289
0.49060542797494777
0.4619743513271697
0.6260065612883985
0.2657321801371906
0.3575902177154787
0.8896510587533553
0.7769161944527289
0.8693707127945124
0.7345660602445572
0.3575902177154787
0.2728899492991351
0.009245451834178353
-0.1380852967491799
0.39397554428869674
0.9594393080823144
0.9218610199821056
0.06173575902177153
-0.1380852967491799
0.3575902177154787
0.8121085594989561
0.3301521025946913
0.3641515061139279
0.6707426185505517
0.7954070981210856
-0.7703549060542798
0.3617655830599463
-0.6433045034297644
0.3301521025946913
-0.1380852967491799
0.8896510587533553
0.39397554428869674
0.7411273486430063
0.9218610199821056
-0.465553235908142
-0.7494780793319415
-0.039069490008947216
0.8777214434834477
0.5902177154786759
0.11064718162839249
-0.941544885177453
-0.1154190277363556
-0.15955860423501345
-0.3444676409185803
0.9015806740232628
0.9594393080823144
0.8329853862212944
0.2657321801371906
0.9982105577095138
0.7769161944527289
0.7870563674321504
0.39397554428869674
-0.1291380852967492
-0.1434536236206383
0.16969877721443483
0.42081717864598867
0.7709513868177751
0.39397554428869674
0.8013719057560393
-0.1291380852967492
0.16969877721443483
-0.1434536236206383
-0.17029525797793021
-0.5550253504324485
0.9976140769460184
-0.16969877721443494
0.7870563674321504
0.5764986579182821
0.7464956755144647
0.5764986579182821
-0.1291380852967492
0.2657321801371906
0.7769161944527289
-0.1434536236206383
0.16969877721443483
0.39397554428869674
0.8013719057560393
0.7924246943036087
0.7107068297047421
-0.6731285416045332
-0.06949000894721147
-0.6021473307485834
0.7924246943036087
0.7464956755144647
0.3575902177154787
0.949299135102893
0.14941843125559195
0.5764986579182821
-0.37966000596480765
-0.1291380852967492
0.5764986579182821
0.2657321801371906
0.7769161944527289
0.39397554428869674
-0.4721145243065912
0.9982105577095138
0.33373098717566363
0.6546376379361766
0.7464956755144647
-0.17626006561288388
-0.9045630778407396
0.7476886370414555
0.2705040262451536
-0.6880405606919178
-0.9743513271696989
0.8544586937071279
0.39397554428869674
-0.1291380852967492
-0.11243662391887854
-0.09692812406799889
-0.9015806740232628
0.5317626006561289
0.6653742916790933
0.9230539815090963
0.9260363853265732
-0.7101103489412466
-0.5126752162242767
0.10169997017596177
-0.33730987175663585
-0.11780495079033693
0.5317626006561289
0.1899791231732777
-0.17029525797793021
0.7345660602445572
0.9302117506710409
-0.1291380852967492
0.9308082314345363
-0.5550253504324485
-0.16969877721443494
0.39397554428869674
-0.1291380852967492
-0.1380852967491799
0.3575902177154787
0.949299135102893
0.3301521025946913
0.2705040262451536
0.6999701759618253
0.7870563674321504
0.9606322696093051
0.7769161944527289
0.2657321801371906
0.3575902177154787
0.5025350432448554
0.555621831195944
-0.1291380852967492
0.7769161944527289
0.8896510587533553
0.7870563674321504
-0.6385326573218013
-0.9302117506710408
0.8389501938562481
0.4518341783477483
0.7464956755144647
0.7769161944527289
0.49060542797494777
0.2657321801371906
0.39397554428869674
0.6653742916790933
0.42260662093647483
0.7757232329257382
0.8657918282135402
0.6808827915299731
0.18222487324783776
0.3301521025946913
-0.2878019683865196
0.7793021175067104
0.2657321801371906
0.7769161944527289
0.39397554428869674
0.7572323292573815
0.16731285416045327
0.6653742916790933
0.8634059051595586
0.5317626006561289
0.7870563674321504
0.9976140769460184
0.9982105577095138
0.8013719057560393
0.32716969877721447
0.9982105577095138
0.7769161944527289
0.2657321801371906
0.39397554428869674
0.5926036385326573
0.7924246943036087
-0.5502535043244856
0.7560393677303907
0.3575902177154787
0.39397554428869674
0.949299135102893
0.7107068297047421
-0.16969877721443494
-0.18341783477482854
0.8896510587533553
0.9606322696093051
0.5317626006561289
0.19654041157172686
0.9982105577095138
-0.31464360274381153
-0.7178645988666865
0.2561884879212646
0.788249328959141
0.8741425589024754
0.6653742916790933
0.5764986579182821
0.7816880405606919
-0.6152699075454817
0.22517148821950494
0.6999701759618253
0.3719057560393677
0.8013719057560393
-0.1291380852967492
0.7769161944527289
0.5317626006561289
0.16731285416045327
-0.17029525797793021
0.9982105577095138
0.6653742916790933
-0.4691321204891141
-0.06173575902177153
0.8013719057560393
0.5532359081419624
-0.16671637339695788
0.8252311362958544
-0.17745302713987465
0.8896510587533553
0.5424992543990457
0.5836564270802267
-0.9570533850283329
0.5985684461676111
0.7476886370414555
-0.06949000894721147
-0.6021473307485834
0.8628094243960632
-0.5007456009543692
0.9982105577095138
0.7769161944527289
0.7870563674321504
0.2657321801371906
0.39397554428869674
0.5424992543990457
0.5317626006561289
0.19654041157172686
0.4279749478079332
0.8425290784372204
0.27527587235311657
0.44944825529376675
0.7769161944527289
0.7107068297047421
0.7769161944527289
0.2657321801371906
0.3575902177154787
0.39397554428869674
0.7536534446764092
-0.1434536236206383
-0.5550253504324485
-0.16969877721443494
0.9982105577095138
0.8896510587533553
0.8252311362958544
0.8663883089770354
0.8425290784372204
0.48643006263048016
0.8514762898896511
-0.07127945123769752
0.3450641216820758
0.3725022368028631
0.39397554428869674
-0.1291380852967492
0.8896510587533553
0.9606322696093051
-0.0014912019087385264
0.8425290784372204
0.16313748881598567
-0.7339695794810617
0.8872651356993737
-0.465553235908142
0.39397554428869674
-0.5550253504324485
0.7769161944527289
0.3575902177154787
0.39397554428869674
0.33373098717566363
-0.3402922755741127
0.8622129436325678
-0.1434536236206383
0.2657321801371906
0.39397554428869674
-0.1291380852967492
-0.1434536236206383
-0.5502535043244856
0.3110647181628392
0.5764986579182821
0.222189084402028
0.24664479570533848
0.8425290784372204
0.9761407694601849
0.949299135102893
0.8121085594989561
0.39397554428869674
-0.16969877721443494
0.7107068297047421
-0.1291380852967492
0.3575902177154787
0.5317626006561289
0.3104682373993438
0.6665672532060841
0.012227855651655184
0.5079033701163138
0.8013719057560393
0.13510289293170297
0.6069191768565464
0.2728899492991351
0.2657321801371906
0.8425290784372204
0.949299135102893
0.9606322696093051
-0.9528780196838651
0.3575902177154787
0.39397554428869674
0.2657321801371906
0.7769161944527289
-0.1291380852967492
0.8896510587533553
-0.990456307784074
-0.1380852967491799
0.49060542797494777
0.22517148821950494
0.03071875932001189
0.6862511184014315
0.1995228153892037
0.7536534446764092
0.3450641216820758
0.3725022368028631
0.3575902177154787
0.788249328959141
0.7536534446764092
0.7107068297047421
-0.16969877721443494
0.7464956755144647
0.8013719057560393
0.9982105577095138
0.39397554428869674
-0.1291380852967492
-0.797793021175067
0.7709513868177751
0.5299731583656426
-0.06829704742022069
0.5532359081419624
0.6248135997614077
-0.9009841932597673
0.08619147032508201
-0.6969877721443483
0.2842230838055473
0.4297643900984194
0.7870563674321504
0.8133015210259469
-0.2943632567849688
0.3963614673426782
0.2657321801371906
0.7769161944527289
0.9689830002982404
0.9761407694601849
0.5359379660005965
0.7769161944527289
-0.17029525797793021
0.3301521025946913
0.5532359081419624
0.7769161944527289
0.39397554428869674
0.8013719057560393
0.7769161944527289
0.5281837160751566
-0.43036087086191466
0.6206382344169401
0.2657321801371906
0.5932001192961527
-0.7834774828511781
-0.8204592901878915
0.7107068297047421
-0.16969877721443494
0.7464956755144647
0.8013719057560393
0.9982105577095138
0.39397554428869674
-0.1291380852967492
-0.797793021175067
0.7709513868177751
0.5299731583656426
-0.06829704742022069
0.5532359081419624
0.6248135997614077
-0.9009841932597673
0.08619147032508201
-0.6969877721443483
0.2842230838055473
0.4297643900984194
0.7870563674321504
0.8133015210259469
-0.2943632567849688
0.3963614673426782
0.2657321801371906
0.7769161944527289
0.9689830002982404
0.9761407694601849
0.5359379660005965
0.7769161944527289
-0.17029525797793021
0.3301521025946913
0.5532359081419624
0.7769161944527289
0.39397554428869674
0.8013719057560393
0.7769161944527289
0.5281837160751566
-0.43036087086191466
0.6206382344169401
0.2657321801371906
0.5932001192961527
-0.7834774828511781
-0.8204592901878915
0.5532359081419624
0.2657321801371906
0.39397554428869674
0.32359081419624214
0.14941843125559195
0.3301521025946913
0.9087384431852072
0.7757232329257382
0.5079033701163138
0.528780196838652
0.3301521025946913
0.8121085594989561
0.16910229645093944
0.7870563674321504
0.2657321801371906
0.39397554428869674
0.046823739934387154
0.8013719057560393
0.9982105577095138
0.7107068297047421
0.7793021175067104
-0.21025946913212046
0.868774232031017
-0.022368028631076564
0.815090963316433
0.6975842529078438
-0.958842827318819
-0.2263644497464956
-0.5502535043244856
-0.1291380852967492
0.6701461377870563
0.1333134506412168
-0.31464360274381153
-0.7476886370414555
-0.17029525797793021
0.4709215627796004
0.9218610199821056
0.5764986579182821
0.8896510587533553
0.7769161944527289
0.2657321801371906
0.39397554428869674
-0.1291380852967492
-0.1434536236206383
0.8013719057560393
0.9982105577095138
0.7107068297047421
0.39397554428869674
0.8013719057560393
0.046823739934387154
0.7870563674321504
-0.1291380852967492
0.7107068297047421
0.39397554428869674
0.7464956755144647
-0.1291380852967492
0.9982105577095138
0.39397554428869674
0.2657321801371906
0.5079033701163138
0.8872651356993737
0.4518341783477483
0.5764986579182821
0.7464956755144647
0.5532359081419624
0.49060542797494777
0.8013719057560393
0.5764986579182821
-0.1291380852967492
-0.41664181330152106
0.949299135102893
0.20011929615269908
-0.5293766776021473
-0.13689233522218913
0.0635252013122577
0.443483447658813
0.4768863704145542
0.6510587533552044
-0.07903370116313746
-0.8562481359976142
-0.686847599164927
-0.06054279749478075
0.8532657321801371
0.9779302117506711
0.012824336415150572
0.1619445272889949
0.7458991947509692
-0.09334923948702656
-0.3969579481061736
-0.3969579481061736
0.9916492693110647
-0.036087086191470386
-0.08499850879809134
0.5788845809722636
0.9982105577095138
0.7769161944527289
-0.13033104682373997
0.949299135102893
0.14941843125559195
0.9606322696093051
0.7769161944527289
0.16910229645093944
-0.1380852967491799
0.3719057560393677
0.8681777512675216
0.949299135102893
0.927229346853564
0.9308082314345363
0.9606322696093051
0.516254100805249
0.7924246943036087
0.8896510587533553
0.9302117506710409
0.2657321801371906
0.7769161944527289
0.9451237697584253
0.9982105577095138
0.39397554428869674
0.8013719057560393
-0.17029525797793021
-0.1291380852967492
-0.37966000596480765
0.788249328959141
0.5764986579182821
0.3963614673426782
0.28601252609603345
-0.3903966597077244
0.8693707127945124
-0.5502535043244856
0.9397554428869669
0.8854756934088875
-0.8013719057560393
0.7464956755144647
0.01998210557709512
0.8425290784372204
0.7870563674321504
0.20548762302415746
-0.1380852967491799
0.686847599164927
0.3301521025946913
0.39397554428869674
-0.17626006561288388
0.9982105577095138
0.7769161944527289
0.2657321801371906
0.39397554428869674
0.8013719057560393
0.13510289293170297
0.528780196838652
0.8121085594989561
0.21204891142260662
0.7578288100208768
0.05517447062332237
0.7202505219206681
-0.5603936773039069
0.22517148821950494
-0.17626006561288388
0.222189084402028
-0.584252907843722
0.3575902177154787
0.8121085594989561
0.8896510587533553
0.2693110647181628
0.39397554428869674
0.8013719057560393
0.9850879809126156
-0.1380852967491799
0.059946316731285365
0.2657321801371906
0.7769161944527289
-0.6486728303012228
0.13510289293170297
0.5562183119594393
0.7757232329257382
0.6069191768565464
-0.38980017894422914
0.1619445272889949
0.48702654339397555
-0.6802863107664778
0.7464956755144647
0.4518341783477483
0.8872651356993737
0.2657321801371906
-0.16969877721443494
0.8252311362958544
0.39397554428869674
-0.5550253504324485
0.13510289293170297
-0.04503429764390088
-0.9075454816582165
0.8896510587533553
0.39397554428869674
-0.5550253504324485
0.7769161944527289
0.5764986579182821
0.8013719057560393
-0.7124962719952281
-0.13212048911422603
-0.8681777512675217
0.13510289293170297
0.8425290784372204
0.48643006263048016
0.012227855651655184
0.8824932895914107
-0.7405308678795108
-0.08499850879809134
-0.9803161348046525
0.39397554428869674
0.8013719057560393
-0.1291380852967492
-0.5550253504324485
-0.16969877721443494
0.40172979421413657
-0.6212347151804354
0.49060542797494777
0.949299135102893
0.27527587235311657
-0.5108857739337906
0.39397554428869674
-0.1291380852967492
0.949299135102893
0.5764986579182821
-0.2543990456307783
0.5532359081419624
0.9606322696093051
0.3719057560393677
-0.47688637041455406
0.7107068297047421
-0.17626006561288388
-0.5550253504324485
0.5532359081419624
0.49060542797494777
0.7107068297047421
0.9325976737250223
-0.1291380852967492
0.13510289293170297
0.9761407694601849
-0.7828810020876826
0.8896510587533553
0.3575902177154787
0.39397554428869674
-0.1291380852967492
0.16015508499850883
0.5764986579182821
-0.1291380852967492
0.39397554428869674
-0.5550253504324485
-0.16969877721443494
-0.1291380852967492
0.8896510587533553
0.9982105577095138
0.7464956755144647
0.8872651356993737
0.9976140769460184
0.2454518341783477
0.9182821354011333
0.5764986579182821
0.6653742916790933
0.7870563674321504
0.5788845809722636
-0.4900089472114524
0.13510289293170297
0.5448851774530271
0.5532359081419624
-0.5502535043244856
0.7769161944527289
0.7870563674321504
0.2657321801371906
-0.6802863107664778
-0.5550253504324485
-0.16969877721443494
0.8013719057560393
-0.9206680584551148
-0.6576200417536535
0.2657321801371906
0.7769161944527289
0.8013719057560393
-0.1291380852967492
0.8377572323292574
0.22517148821950494
0.13510289293170297
0.8896510587533553
0.39397554428869674
0.3301521025946913
0.9689830002982404
0.9761407694601849
0.9982105577095138
0.949299135102893
0.2657321801371906
0.7769161944527289
-0.16969877721443494
-0.5550253504324485
0.39397554428869674
0.8013719057560393
-0.1291380852967492
-0.1380852967491799
0.5764986579182821
0.6510587533552044
-0.17626006561288388
0.22517148821950494
0.3301521025946913
0.7769161944527289
0.49060542797494777
0.7107068297047421
0.7464956755144647
0.39397554428869674
0.3575902177154787
-0.1434536236206383
-0.5723232925738144
0.28481956456904267
0.9218610199821056
-0.17208470026841627
-0.3546078138980018
0.949299135102893
0.9606322696093051
-0.2913808529674917
-0.998210557709514
-0.06949000894721147
-0.6021473307485834
-0.12198031613480476
0.3110647181628392
0.12376975842529081
0.39397554428869674
-0.1291380852967492
0.5991649269311065
0.3575902177154787
0.5764986579182821
0.9403519236504623
0.2460483149418431
-0.5502535043244856
0.7816880405606919
0.7757232329257382
-0.17626006561288388
-0.8980017894422905
-0.2693110647181629
-0.8926334625708321
-0.1434536236206383
-0.674321503131524
-0.9045630778407396
-0.4524306591112437
0.7464956755144647
0.5788845809722636
0.8872651356993737
-0.9302117506710408
0.2657321801371906
0.7769161944527289
-0.1291380852967492
0.39397554428869674
0.7291977333730988
0.2657321801371906
-0.16969877721443494
0.39397554428869674
0.046823739934387154
0.5532359081419624
0.8013719057560393
0.8896510587533553
-0.1291380852967492
0.5764986579182821
0.9982105577095138
0.7107068297047421
-0.16969877721443494
0.5532359081419624
0.39397554428869674
0.7464956755144647
-0.1434536236206383
0.13510289293170297
-0.1291380852967492
0.2657321801371906
0.21503131524008345
0.8634059051595586
0.7870563674321504
0.7107068297047421
0.39397554428869674
-0.17626006561288388
-0.1291380852967492
0.39397554428869674
0.8013719057560393
0.9982105577095138
0.8133015210259469
0.40232627497763196
-0.5341485237101105
0.949299135102893
0.39397554428869674
-0.1380852967491799
0.7107068297047421
0.33373098717566363
0.5424992543990457
0.7924246943036087
0.3575902177154787
0.7107068297047421
0.39397554428869674
0.9982105577095138
0.7107068297047421
0.8013719057560393
-0.1291380852967492
0.16015508499850883
0.2728899492991351
0.4416940053683269
-0.9129138085296749
0.932001192961527
0.7769161944527289
-0.1291380852967492
0.23113629585445872
0.39397554428869674
0.8013719057560393
0.046823739934387154
0.7769161944527289
0.9600357888458098
0.14941843125559195
-0.6301819266328661
0.2657321801371906
-0.6146734267819862
-0.574709215627796
-0.3402922755741127
0.5532359081419624
-0.655234118699672
-0.07903370116313746
0.917685654637638
0.09275275872353117
0.5764986579182821
0.737548464062034
0.3963614673426782
0.9689830002982404
0.9761407694601849
0.949299135102893
0.5359379660005965
0.8425290784372204
0.13510289293170297
0.39397554428869674
0.5323590814196242
-0.546078138980018
0.2728899492991351
0.7769161944527289
0.2657321801371906
0.39397554428869674
0.8013719057560393
0.39397554428869674
0.2657321801371906
0.7769161944527289
0.39397554428869674
0.5317626006561289
0.5424992543990457
0.3575902177154787
0.5532359081419624
0.7769161944527289
0.2657321801371906
0.8013719057560393
0.3719057560393677
-0.1380852967491799
-0.1893826424097822
-0.8300029824038175
-0.41664181330152106
0.9982105577095138
0.7769161944527289
0.8634059051595586
0.2657321801371906
0.39397554428869674
0.7041455413062929
0.3921861019982106
0.7769161944527289
0.528780196838652
0.2657321801371906
0.20787354607813902
0.7136892335222189
-0.7453027139874739
-0.28601252609603334
-0.07485833581866985
-0.8920369818073368
0.7870563674321504
0.7107068297047421
0.39397554428869674
-0.1291380852967492
-0.9129138085296749
0.7924246943036087
0.3575902177154787
0.7476886370414555
-0.5550253504324485
-0.1291380852967492
0.3301521025946913
0.9761407694601849
-0.4709215627796004
0.5532359081419624
-0.17029525797793021
0.8288100208768268
0.7769161944527289
0.7870563674321504
0.39397554428869674
0.27527587235311657
0.7107068297047421
0.8013719057560393
-0.1291380852967492
-0.16969877721443494
0.16969877721443483
-0.1434536236206383
-0.7542499254399047
0.39397554428869674
0.2657321801371906
0.7769161944527289
0.8252311362958544
0.7333730987175664
0.19654041157172686
-0.7781091559797197
0.5424992543990457
0.5317626006561289
0.8013719057560393
0.45422010140172975
-0.1380852967491799
0.8634059051595586
0.7870563674321504
-0.9451237697584254
0.6546376379361766
0.9606322696093051
0.7769161944527289
0.9982105577095138
0.7268118103191172
-0.1291380852967492
0.7709513868177751
0.39397554428869674
0.3575902177154787
0.3909931404712198
0.5764986579182821
0.7870563674321504
-0.23710110348941238
0.7924246943036087
0.949299135102893
0.3456606024455712
0.3575902177154787
-0.1291380852967492
0.39397554428869674
0.8013719057560393
-0.5550253504324485
-0.16969877721443494
-0.1380852967491799
0.009245451834178353
0.2657321801371906
0.7769161944527289
-0.8640023859230539
0.7464956755144647
0.22576796898300033
0.5329555621831196
0.1524008350730689
0.39397554428869674
-0.19296152699075453
-0.1291380852967492
0.39397554428869674
-0.5550253504324485
0.7769161944527289
0.9087384431852072
0.5079033701163138
-0.4100805249030719
0.8628094243960632
0.8872651356993737
0.2657321801371906
0.13510289293170297
0.7476886370414555
0.39397554428869674
0.39397554428869674
-0.1291380852967492
0.7769161944527289
0.2657321801371906
0.9117208470026842
0.046823739934387154
0.5532359081419624
0.3575902177154787
0.7107068297047421
0.39397554428869674
0.8013719057560393
0.5764986579182821
0.3575902177154787
0.5538323889054577
0.2454518341783477
0.783477482851178
0.8693707127945124
0.7637936176558306
0.8854756934088875
-0.49120190873844316
0.2454518341783477
0.5872353116611989
0.7107068297047421
-0.16969877721443494
0.39397554428869674
0.8013719057560393
0.3963614673426782
0.5764986579182821
0.3575902177154787
0.14941843125559195
0.5532359081419624
0.9606322696093051
0.3719057560393677
-0.07903370116313746
-0.3820459290187892
-0.1434536236206383
0.8896510587533553
0.3575902177154787
0.949299135102893
0.39397554428869674
-0.30331046823739927
0.2657321801371906
-0.1380852967491799
0.9606322696093051
-0.1291380852967492
0.7769161944527289
0.7793021175067104
0.9689830002982404
0.9761407694601849
0.949299135102893
0.5359379660005965
0.06173575902177153
0.5424992543990457
0.2657321801371906
-0.1291380852967492
0.39397554428869674
-0.16969877721443494
0.7870563674321504
-0.9045630778407396
0.8425290784372204
0.5079033701163138
0.8013719057560393
0.7464956755144647
0.7769161944527289
0.16015508499850883
0.2705040262451536
-0.5502535043244856
0.7769161944527289
0.7107068297047421
-0.1291380852967492
0.7464956755144647
0.4518341783477483
0.2657321801371906
-0.1434536236206383
0.5079033701163138
0.8425290784372204
0.4518341783477483
0.7464956755144647
0.48643006263048016
-0.08499850879809134
0.3301521025946913
0.5532359081419624
0.7924246943036087
-0.7399343871160156
0.08917387414255895
-0.1291380852967492
0.1619445272889949
0.16015508499850883
0.27527587235311657
-0.5550253504324485
-0.16969877721443494
0.39397554428869674
0.5424992543990457
-0.1380852967491799
0.7870563674321504
0.932001192961527
0.7464956755144647
0.6504622725917089
0.8013719057560393
0.8013719057560393
-0.1291380852967492
0.7107068297047421
0.8288100208768268
-0.4130629287205487
0.39397554428869674
0.9594393080823144
0.9218610199821056
0.06173575902177153
-0.1380852967491799
0.3575902177154787
0.8121085594989561
0.3301521025946913
0.3641515061139279
0.6707426185505517
0.7954070981210856
-0.7703549060542798
0.3617655830599463
-0.6433045034297644
0.3301521025946913
-0.1380852967491799
0.8896510587533553
0.39397554428869674
0.7411273486430063
0.9218610199821056
-0.465553235908142
-0.7494780793319415
-0.039069490008947216
0.8777214434834477
0.5902177154786759
0.11064718162839249
-0.941544885177453
-0.1154190277363556
-0.15955860423501345
-0.3444676409185803
0.9015806740232628
0.9594393080823144
0.8329853862212944
0.8377572323292574
0.22517148821950494
0.13510289293170297
0.8896510587533553
0.39397554428869674
0.39397554428869674
0.9606322696093051
0.3575902177154787
0.2657321801371906
-0.16969877721443494
0.8121085594989561
-0.1291380852967492
0.949299135102893
0.9761407694601849
0.1386817775126752
0.9982105577095138
0.7769161944527289
0.7870563674321504
0.2657321801371906
0.39397554428869674
0.5424992543990457
0.5317626006561289
0.19654041157172686
0.4279749478079332
-0.8323889054577991
0.8896510587533553
0.7769161944527289
0.2657321801371906
-0.6439009841932597
-0.17626006561288388
-0.1291380852967492
0.39397554428869674
0.8013719057560393
0.9982105577095138
0.8133015210259469
0.40232627497763196
-0.5341485237101105
-0.41664181330152106
0.949299135102893
0.9761407694601849
0.7464956755144647
-0.6009543692215926
-0.5550253504324485
-0.16969877721443494
0.14941843125559195
0.39397554428869674
0.927229346853564
0.8013719057560393
0.5532359081419624
0.22517148821950494
-0.17626006561288388
0.222189084402028
0.5926036385326573
0.046823739934387154
0.10945422010140171
-0.9325976737250223
0.7793021175067104
0.9135102892931704
0.42081717864598867
-0.5711303310468236
0.8681777512675216
-0.40650164032209957
-0.1285416045332537
0.39397554428869674
-0.2120489114226065
0.14345362362063818
-0.5920071577691619
-0.7017596182523114
0.13510289293170297
0.19773337309871752
0.25320608410378764
-0.16850581568744416
0.15061139278258273
0.7751267521622428
-0.1285416045332537
0.2657321801371906
0.39397554428869674
0.7769161944527289
0.9642111541902774
-0.41664181330152106
0.949299135102893
-0.8711601550849986
-0.1291380852967492
0.5764986579182821
0.3301521025946913
-0.15955860423501345
0.686847599164927
0.7870563674321504
0.7107068297047421
0.39397554428869674
-0.1291380852967492
-0.9129138085296749
0.3301521025946913
-0.15955860423501345
0.686847599164927
0.9982105577095138
0.7107068297047421
-0.6093050999105278
0.8013719057560393
0.046823739934387154
0.2657321801371906
0.39397554428869674
-0.1291380852967492
-0.1434536236206383
0.7757232329257382
0.48702654339397555
-0.8067402326274977
-0.38860721741723836
-0.14822546972860118
0.5764986579182821
-0.1291380852967492
-0.5496570235609901
0.9982105577095138
0.4619743513271697
0.21503131524008345
0.9982105577095138
-0.1291380852967492
0.16015508499850883
0.2705040262451536
0.5932001192961527
-0.7834774828511781
-0.8204592901878915
0.5764986579182821
-0.1291380852967492
0.2657321801371906
0.7769161944527289
-0.1434536236206383
0.16969877721443483
0.39397554428869674
0.8013719057560393
0.32716969877721447
0.9982105577095138
0.7769161944527289
0.2657321801371906
0.39397554428869674
0.949299135102893
0.686847599164927
-0.20548762302415757
0.8013719057560393
0.2657321801371906
0.7769161944527289
0.009245451834178353
0.7560393677303907
0.14941843125559195
0.7793021175067104
0.03071875932001189
0.949299135102893
0.686847599164927
-0.20548762302415757
0.8013719057560393
0.2657321801371906
0.7769161944527289
0.009245451834178353
0.7560393677303907
0.14941843125559195
0.7793021175067104
0.03071875932001189
-0.17626006561288388
0.7476886370414555
0.22517148821950494
0.7769161944527289
0.3719057560393677
0.2657321801371906
0.39397554428869674
0.5764986579182821
0.7476886370414555
0.2657321801371906
0.7769161944527289
-0.1434536236206383
-0.1291380852967492
0.22517148821950494
0.2132418729495974
0.4190277363555025
0.8628094243960632
0.7476886370414555
0.2657321801371906
0.7769161944527289
-0.1434536236206383
-0.1291380852967492
0.22517148821950494
0.2132418729495974
0.4190277363555025
0.8628094243960632
-0.5550253504324485
-0.16969877721443494
-0.1291380852967492
0.39397554428869674
0.16969877721443483
0.5532359081419624
0.5764986579182821
0.7870563674321504
-0.1434536236206383
-0.07784073963614668
0.528780196838652
0.6576200417536535
0.21861019982105578
0.7464956755144647
0.4518341783477483
0.8872651356993737
-0.4464658514762898
0.8985982702057859
0.7041455413062929
-0.35043244855353417
0.6611989263346256
0.5395168505815687
-0.4762898896510588
0.7035490605427974
0.06173575902177153
0.8985982702057859
-0.1380852967491799
0.7172681181031912
-0.16969877721443494
0.6331643304503429
0.5532359081419624
0.949299135102893
0.7954070981210856
0.7793021175067104
0.9027736355502535
-0.20608410378765285
0.8270205785863406
-0.6373396957948105
-0.10348941246644805
0.2657321801371906
0.9976140769460184
-0.1434536236206383
0.8013719057560393
-0.1291380852967492
-0.17626006561288388
0.2657321801371906
0.7769161944527289
0.39397554428869674
-0.1291380852967492
0.5764986579182821
0.7464956755144647
0.8872651356993737
0.4518341783477483
-0.17029525797793021
0.8013719057560393
-0.8013719057560393
-0.543095735162541
-0.465553235908142
-0.5448851774530272
0.35043244855353417
0.7924246943036087
0.4768863704145542
0.516254100805249
0.7578288100208768
0.7769161944527289
0.7870563674321504
0.8425290784372204
0.7345660602445572
0.3719057560393677
0.5079033701163138
-0.07784073963614668
0.8425290784372204
0.7345660602445572
0.3719057560393677
0.5079033701163138
-0.07784073963614668
-0.1291380852967492
0.39397554428869674
0.8013719057560393
0.7464956755144647
-0.5550253504324485
0.8896510587533553
0.9325976737250223
0.3575902177154787
0.5764986579182821
0.2657321801371906
0.7769161944527289
-0.16969877721443494
0.8759320011929616
0.8121085594989561
0.9606322696093051
-0.1577691619445274
0.3301521025946913
0.9689830002982404
0.9761407694601849
0.949299135102893
0.8013719057560393
0.3301521025946913
0.9689830002982404
0.9761407694601849
0.949299135102893
0.8013719057560393
-0.17029525797793021
0.3719057560393677
0.39397554428869674
0.8013719057560393
0.8663883089770354
0.9606322696093051
0.3719057560393677
0.2657321801371906
-0.1380852967491799
0.7464956755144647
-0.9045630778407396
-0.1380852967491799
0.7769161944527289
0.3719057560393677
0.39397554428869674
-0.1291380852967492
0.39397554428869674
-0.1291380852967492
-0.5550253504324485
0.7769161944527289
0.2657321801371906
0.14941843125559195
0.2705040262451536
-0.1380852967491799
0.39397554428869674
0.8013719057560393
-0.17029525797793021
0.9982105577095138
0.7464956755144647
0.7769161944527289
-0.08559498956158662
0.5281837160751566
-0.43036087086191466
0.6206382344169401
0.3456606024455712
0.39397554428869674
-0.1291380852967492
-0.1380852967491799
0.2657321801371906
0.7769161944527289
0.3575902177154787
0.4530271398747391
0.3575902177154787
0.39397554428869674
-0.5550253504324485
0.7769161944527289
0.7924246943036087
-0.8305994631673128
0.3575902177154787
-0.1291380852967492
0.949299135102893
0.1339099314047122
0.39397554428869674
0.8013719057560393
0.5532359081419624
0.14941843125559195
0.7769161944527289
-0.17029525797793021
0.9612287503728005
0.8693707127945124
0.17864598866686554
0.27110050700864896
0.6653742916790933
0.5764986579182821
0.3963614673426782
0.8520727706531465
0.2728899492991351
0.3110647181628392
-0.456009543692216
-0.8997912317327765
0.5317626006561289
-0.15955860423501345
0.0867879510885774
-0.5132716969877722
0.06829704742022069
0.43095735162541005
0.6140769460184909
0.7673725022368029
0.7924246943036087
-0.30390694900089477
0.7578288100208768
0.7345660602445572
0.7769161944527289
0.3575902177154787
0.39397554428869674
-0.5550253504324485
0.7769161944527289
0.7924246943036087
0.3719057560393677
0.16910229645093944
0.9397554428869669
0.9397554428869669
0.3575902177154787
0.9218610199821056
0.29615269907545483
0.3719057560393677
0.16910229645093944
0.9397554428869669
0.9397554428869669
0.3575902177154787
0.9218610199821056
0.29615269907545483
-0.7584252907843723
-0.1291380852967492
0.39397554428869674
0.2657321801371906
0.7769161944527289
0.5764986579182821
0.9982105577095138
0.39397554428869674
0.16910229645093944
0.528780196838652
0.6260065612883985
0.9982105577095138
0.39397554428869674
0.16910229645093944
0.528780196838652
0.6260065612883985
0.5532359081419624
-0.15955860423501345
0.7769161944527289
0.49060542797494777
0.3575902177154787
0.7345660602445572
0.7769161944527289
0.2657321801371906
0.39397554428869674
0.5764986579182821
0.3575902177154787
-0.5114822546972859
-0.41664181330152106
0.2657321801371906
0.927229346853564
0.27527587235311657
0.1333134506412168
0.5019385624813599
0.9844915001491202
-0.32359081419624225
0.6862511184014315
-0.8598270205785863
0.18580375782880998
0.13510289293170297
0.3301521025946913
0.7924246943036087
-0.17029525797793021
-0.5502535043244856
0.7345660602445572
0.2555920071577692
-0.30867879510885765
-0.5550253504324485
-0.16969877721443494
0.39397554428869674
0.8013719057560393
0.5991649269311065
0.7924246943036087
0.7769161944527289
0.2657321801371906
0.3575902177154787
0.8013719057560393
0.8896510587533553
0.5764986579182821
0.7447062332239786
0.8121085594989561
0.868774232031017
-0.42201014017297944
0.9290187891440501
0.14166418133015213
0.9934387116015508
0.36116910229645094
0.9809126155681479
-0.7071279451237698
0.46853563972561885
0.2705040262451536
-0.7363555025350432
-0.4762898896510588
0.7202505219206681
0.13510289293170297
0.2657321801371906
0.7769161944527289
0.9606322696093051
0.31464360274381153
-0.6582165225171488
0.1333134506412168
-0.9403519236504623
0.009245451834178353
0.7757232329257382
0.6767074261855055
0.2651356993736952
0.2728899492991351
0.26692514166418135
0.514464658514763
-0.3104682373993439
0.48702654339397555
0.6862511184014315
0.528780196838652
-0.07784073963614668
-0.40650164032209957
-0.30331046823739927
0.8574410975246048
0.5514464658514763
-0.1052788547569341
-0.4237995824634655
-0.584252907843722
-0.13033104682373997
0.9218610199821056
0.7918282135401133
-0.05577095138681787
-0.6397256188487921
0.21861019982105578
0.1333134506412168
0.7464956755144647
-0.21682075753056962
-0.41664181330152106
-0.9182821354011332
-0.17626006561288388
0.8944229048613183
-0.8950193856248136
0.7983895019385625
0.4232031016999702
0.5019385624813599
0.10348941246644794
-0.6880405606919178
0.87354607813898
0.645690426483746
0.8532657321801371
-0.778705636743215
0.696391291380853
-0.38860721741723836
0.47271100507008645
0.7966000596480763
0.3444676409185804
-0.8508798091261556
-0.1291380852967492
-0.5550253504324485
0.39397554428869674
0.2454518341783477
-0.16969877721443494
0.8013719057560393
0.5764986579182821
0.7751267521622428
0.2454518341783477
-0.7124962719952281
-0.13212048911422603
-0.8681777512675217
0.13510289293170297
0.2657321801371906
0.7107068297047421
0.39397554428869674
0.8013719057560393
0.7769161944527289
0.3301521025946913
0.9689830002982404
0.9761407694601849
0.949299135102893
0.39397554428869674
0.2657321801371906
0.39397554428869674
0.8013719057560393
-0.06949000894721147
-0.6021473307485834
0.27527587235311657
0.44944825529376675
0.7107068297047421
0.16015508499850883
0.2705040262451536
0.9606322696093051
0.3719057560393677
0.6576200417536535
0.7464956755144647
-0.1291380852967492
0.9982105577095138
0.7870563674321504
0.7107068297047421
0.39397554428869674
0.8013719057560393
0.7709513868177751
0.7488815985684462
-0.16969877721443494
0.39397554428869674
0.8013719057560393
-0.1291380852967492
0.5764986579182821
0.7709513868177751
0.4279749478079332
0.7870563674321504
0.9982105577095138
0.7769161944527289
0.7757232329257382
0.2657321801371906
-0.14822546972860118
-0.17626006561288388
0.22517148821950494
-0.1434536236206383
0.13510289293170297
0.7464956755144647
0.7476886370414555
0.3719057560393677
0.5764986579182821
-0.33253802564867274
-0.5502535043244856
0.4566060244557113
0.6844616761109454
0.6087086191470326
-0.4852371011034895
0.026543393975544283
0.6856546376379362
0.949299135102893
0.39397554428869674
0.3301521025946913
0.7769161944527289
0.7757232329257382
0.2657321801371906
-0.14822546972860118
0.2728899492991351
0.5764986579182821
0.8896510587533553
0.5025350432448554
0.81031911720847
0.6200417536534446
-0.3170295257977931
-0.3259767372502236
0.7464956755144647
0.8580375782881002
0.9689830002982404
0.9761407694601849
0.8121085594989561
0.2657321801371906
0.5359379660005965
-0.6820757530569639
0.39397554428869674
0.6653742916790933
-0.9928422308380556
-0.6820757530569639
0.39397554428869674
0.6653742916790933
-0.9928422308380556
0.7769161944527289
0.2657321801371906
0.39397554428869674
0.8013719057560393
-0.1380852967491799
0.9689830002982404
0.14941843125559195
-0.1291380852967492
-0.4762898896510588
0.2132418729495974
-0.6009543692215926
0.13510289293170297
0.1333134506412168
0.7476886370414555
-0.17626006561288388
0.22517148821950494
0.6242171189979123
0.222189084402028
0.7476886370414555

