0.8121085594989561
0.9325976737250223
0.5204294661497166
0.9606322696093051
0.949299135102893
0.3301521025946913
-0.11124366239188777
0.3575902177154787
0.39397554428869674
0.995228153892037
-0.09513868177751261
0.3575902177154787
0.8896510587533553
-0.18341783477482854
0.8252311362958544
-0.08857739337906345
0.7536534446764092
0.16910229645093944
0.3575902177154787
-0.6719355800775424
0.8950193856248136
-0.7906352520131226
0.0724724127646883
0.9009841932597674
-0.49657023560990154
-0.24366239188786154
0.9988070384730092
0.7536534446764092
0.7924246943036087
0.6260065612883985
0.3575902177154787
0.8896510587533553
-0.990456307784074
0.5150611392782583
0.9606322696093051
-0.1291380852967492
0.35162541008052495
0.3450641216820758
0.3725022368028631
0.03071875932001189
0.3826424097822845
0.6969877721443484
0.3575902177154787
0.5663584849388608
0.03071875932001189
0.3826424097822845
0.9606322696093051
0.39397554428869674
0.8896510587533553
0.34745004473605723
-0.43513271696987776
-0.24425887265135704
0.22517148821950494
-0.1380852967491799
-0.9767372502236802
-0.42618550551744705
0.03071875932001189
0.3909931404712198
0.905159558604235
-0.6916194452728899
0.2728899492991351
0.9671935580077542
0.8121085594989561
0.3301521025946913
0.9689830002982404
0.9761407694601849
0.5359379660005965
0.949299135102893
0.949299135102893
0.9761407694601849
0.06173575902177153
-0.49120190873844316
0.9725618848792127
0.4900089472114524
0.9982105577095138
0.06412168207575308
-0.5299731583656426
0.8037578288100209
-0.4929913510289292
0.5914106770056666
0.8675812705040262
-0.22397852669251406
0.3456606024455712
0.13510289293170297
0.25320608410378764
0.3301521025946913
-0.17029525797793021
0.7578288100208768
-0.6433045034297644
0.27527587235311657
0.3575902177154787
0.2657321801371906
0.7769161944527289
0.39397554428869674
0.8013719057560393
0.5317626006561289
-0.0772442588726514
0.3575902177154787
0.949299135102893
-0.1380852967491799
0.7578288100208768
0.4088875633760811
0.7769161944527289
-0.1291380852967492
0.39397554428869674
0.8013719057560393
-0.17029525797793021
0.5317626006561289
-0.6856546376379362
-0.27646883388010735
-0.8025648672830301
-0.324783775723233
0.2657321801371906
0.39397554428869674
0.9236504622725917
0.9302117506710409
0.14941843125559195
0.3575902177154787
0.949299135102893
0.3963614673426782
0.7954070981210856
0.516254100805249
0.25678496868475986
0.39397554428869674
0.9302117506710409
0.009245451834178353
0.7560393677303907
0.7793021175067104
0.949299135102893
0.39397554428869674
-0.5550253504324485
0.7769161944527289
0.528780196838652
-0.07784073963614668
0.21861019982105578
0.3301521025946913
0.9761407694601849
-0.1380852967491799
0.7870563674321504
-0.1386817775126752
0.6999701759618253
0.14941843125559195
0.16910229645093944
-0.9129138085296749
0.8121085594989561
0.7345660602445572
0.3575902177154787
0.39397554428869674
-0.47867581270504034
-0.2561884879212646
-0.5884282731881896
0.4381151207873546
0.039665970772442605
0.16910229645093944
0.12615568147927225
-0.2657321801371906
0.6999701759618253
0.9284223083805547
0.8121085594989561
0.7345660602445572
0.3575902177154787
0.39397554428869674
-0.10169997017596177
-0.4053086787951088
0.3450641216820758
0.3725022368028631
0.1333134506412168
0.3719057560393677
0.3301521025946913
-0.17029525797793021
0.3575902177154787
0.7924246943036087
-0.03668356695496566
0.8013719057560393
0.8896510587533553
-0.9129138085296749
0.932001192961527
0.7870563674321504
0.2728899492991351
0.8121085594989561
0.7643900984193259
0.3575902177154787
0.5764986579182821
0.7560393677303907
0.2275574112734864
0.8121085594989561
0.9385624813599761
0.81031911720847
0.6999701759618253
-0.20966298836862518
0.9325976737250223
0.2728899492991351
-0.5419027736355502
-0.5699373695198331
-0.03668356695496566
0.7393379063525201
0.2728899492991351
0.8896510587533553
0.9606322696093051
0.3575902177154787
0.9218610199821056
0.2728899492991351
0.8896510587533553
0.9606322696093051
0.3575902177154787
0.9218610199821056
0.39397554428869674
-0.1291380852967492
0.8896510587533553
-0.018192663286608957
0.7578288100208768
0.9606322696093051
0.8121085594989561
0.7321801371905756
-0.5502535043244856
0.3719057560393677
0.3575902177154787
0.2728899492991351
0.7321801371905756
-0.5502535043244856
0.3719057560393677
0.3575902177154787
0.2728899492991351
-0.8759320011929614
0.3456606024455712
0.2728899492991351
-0.2561884879212646
0.2883984491500149
0.555621831195944
0.8580375782881002
0.1380852967491798
0.7536534446764092
0.3575902177154787
0.8693707127945124
0.39397554428869674
0.39397554428869674
0.8013719057560393
-0.17029525797793021
0.9325976737250223
0.7536534446764092
0.8538622129436326
0.32716969877721447
-0.12198031613480476
-0.8455114822546972
0.03847300924545183
0.8073367133909931
0.3301521025946913
-0.1380852967491799
0.6576200417536535
-0.06889352818371597
-0.970175961825231
0.23889054577989854
-0.10289293170295255
-0.1154190277363556
0.42081717864598867
-0.5711303310468236
0.6391291380852968
0.4285714285714286
0.3301521025946913
-0.1380852967491799
0.6576200417536535
-0.06889352818371597
-0.970175961825231
0.23889054577989854
-0.10289293170295255
-0.1154190277363556
0.42081717864598867
-0.5711303310468236
0.6391291380852968
0.4285714285714286
0.4249925439904563
0.3575902177154787
-0.5830599463167312
0.8896510587533553
0.7005666567253206
-0.584252907843722
0.37906352520131226
-0.5711303310468236
0.8252311362958544
0.9325976737250223
0.7954070981210856
0.7816880405606919
-0.8127050402624516
0.8013719057560393
0.6170593498359678
0.1852072770653146
0.8675812705040262
-0.5932001192961527
-0.8568446167611095
0.8580375782881002
0.7536534446764092
0.949299135102893
0.7798985982702058
0.9725618848792127
-0.5550253504324485
0.7769161944527289
0.9689830002982404
0.9761407694601849
0.5359379660005965
0.8681777512675216
0.3301521025946913
0.949299135102893
0.14941843125559195
0.7781091559797196
0.6999701759618253
0.2657321801371906
0.3575902177154787
0.4566060244557113
-0.15955860423501345
0.2728899492991351
0.6653742916790933
0.5269907545481658
0.28541604533253806
-0.6594094840441396
-0.8353713092752759
0.3575902177154787
0.8121085594989561
-0.9033701163137489
0.6653742916790933
0.5764986579182821
0.016403220996122903
-0.4327467939158962
0.37071279451237693
-0.17745302713987465
0.8049507903370117
0.6546376379361766
0.2561884879212646
-0.06173575902177153
-0.15955860423501345
0.1374888159856844
0.2728899492991351
0.5448851774530271
0.8968088279152997
-0.6779003877124963
0.1983298538622129
-0.5049209662988368
-0.2323292573814495
0.3301521025946913
0.4888159856844617
0.39397554428869674
-0.5753056963912915
-0.1380852967491799
0.3575902177154787
0.3963614673426782
0.16910229645093944
0.9302117506710409
0.9624217118997912
0.19355800775424992
0.7536534446764092
0.03071875932001189
-0.7870563674321502
0.8455114822546973
0.8121085594989561
-0.8252311362958544
-0.4935878317924247
0.6999701759618253
0.3689233522218909
-0.1380852967491799
0.3963614673426782
0.7954070981210856
0.49060542797494777
0.7793021175067104
0.9606322696093051
0.949299135102893
0.08261258574410979
0.625410080524903
0.6659707724425887
0.2728899492991351
-0.40650164032209957
0.3456606024455712
0.7924246943036087
0.3301521025946913
0.3719057560393677
0.16910229645093944
-0.1613480465254995
0.2728899492991351
0.7494780793319415
-0.16254100805249028
0.3575902177154787
0.8121085594989561
0.7918282135401133
0.7578288100208768
0.946316731285416
0.822845213241873
0.9606322696093051
0.42201014017297944
0.3575902177154787
0.2728899492991351
0.949299135102893
-0.6999701759618253
0.8121085594989561
0.3963614673426782
0.5597971965404116
0.81031911720847
0.949299135102893
0.3301521025946913
0.9761407694601849
-0.1380852967491799
-0.19773337309871764
0.21503131524008345
0.7345660602445572
0.13510289293170297
0.16313748881598567
-0.1380852967491799
0.49060542797494777
0.16910229645093944
-0.12794512376975842
0.2728899492991351
0.1333134506412168
0.3963614673426782
0.7793021175067104
0.9761407694601849
0.927229346853564
0.5532359081419624
0.7769161944527289
0.39397554428869674
0.2657321801371906
-0.05398150909633159
0.09931404712198033
-0.40829108261258584
0.38443185207277064
0.13092752758723536
0.949299135102893
0.3301521025946913
-0.6850581568744407
0.9606322696093051
-0.23769758425290788
0.8085296749179839
0.3635550253504325
-0.7482851178049508
-0.664777810915598
0.42081717864598867
-0.5711303310468236
-0.002684163435729303
-0.9260363853265732
0.3719057560393677
0.3575902177154787
0.9302117506710409
0.3963614673426782
0.3301521025946913
0.9767372502236803
0.949299135102893
0.9606322696093051
0.8121085594989561
0.5764986579182821
-0.1291380852967492
0.39397554428869674
0.2657321801371906
-0.9600357888458098
0.8896510587533553
-0.1291380852967492
0.6940053683268714
0.39397554428869674
0.7769161944527289
0.2657321801371906
0.4619743513271697
0.8013719057560393
-0.1380852967491799
0.5764986579182821
0.7816880405606919
0.2728899492991351
-0.1518043543095735
0.9403519236504623
0.3575902177154787
0.3719057560393677
0.8657918282135402
0.796003578884581
0.348643006263048
-0.24246943036087076
0.3575902177154787
0.2728899492991351
0.3963614673426782
0.6164628690724724
-0.15955860423501345
0.9302117506710409
0.9594393080823144
-0.9129138085296749
0.41664181330152106
0.14941843125559195
0.8675812705040262
-0.5932001192961527
-0.8568446167611095
0.8580375782881002
0.7536534446764092
0.949299135102893
0.7798985982702058
0.9725618848792127
-0.5550253504324485
0.7769161944527289
-0.5502535043244856
0.21503131524008345
0.7769161944527289
0.3575902177154787
-0.1291380852967492
0.9606322696093051
-0.3021175067104085
-0.5108857739337906
-0.3402922755741127
0.48225469728601256
0.6999701759618253
0.7793021175067104
-0.2132418729495973
0.3575902177154787
-0.6433045034297644
0.949299135102893
0.9325976737250223
-0.9147032508201611
0.2728899492991351
0.1482254697286013
-0.4715180435430957
-0.6319713689233522
0.3581866984789741
0.7888458097226364
-0.19355800775425003
-0.9713689233522218
0.030122278556516502
-0.2460483149418431
0.900387712496272
-0.8061437518640024
0.2824336415150611
-0.9242469430360871
-0.7458991947509692
-0.878317924246943
-0.3719057560393677
-0.1189979123173277
-0.9230539815090963
0.7954070981210856
0.5764986579182821
0.7584252907843723
0.949299135102893
0.3575902177154787
0.5860423501342082
-0.6152699075454817
0.14941843125559195
0.39397554428869674
0.9325976737250223
0.2728899492991351
0.7769161944527289
0.1243662391887862
-0.018192663286608957
0.45064121682075753
0.2728899492991351
0.8896510587533553
0.7035490605427974
0.8985982702057859
0.9689830002982404
0.9761407694601849
0.8162839248434238
0.39397554428869674
0.3575902177154787
0.08619147032508201
-0.7858634059051595
0.9606322696093051
0.5317626006561289
0.5234118699671936
-0.6433045034297644
0.2728899492991351
0.8896510587533553
0.7244258872651357
0.6784968684759917
0.3963614673426782
-0.679093349239487
0.8580375782881002
0.4661497166716373
0.3301521025946913
0.949299135102893
0.7793021175067104
-0.23471518043543105
-0.6850581568744407
0.3301521025946913
0.949299135102893
-0.025350432448553617
0.9057560393677304
0.06173575902177153
0.7924246943036087
0.8121085594989561
0.2728899492991351
0.9325976737250223
0.8896510587533553
-0.5478675812705041
0.44944825529376675
-0.5084998508798091
0.27527587235311657
-0.8824932895914106
0.3575902177154787
0.39397554428869674
0.9606322696093051
0.8693707127945124
0.41664181330152106
0.3450641216820758
0.9325976737250223
0.25380256486728303
-0.7679689830002983
-0.34208171786459896
-0.5496570235609901
0.2728899492991351
-0.8741425589024754
0.7303906949000895
-0.6874440799284223
0.15061139278258273
0.9803161348046525
-0.09036683566954973
0.25320608410378764
0.2878019683865195
0.7148821950492097
0.00029824038174763867
0.9284223083805547
-0.1858037578288101
-0.8789144050104385
0.2138383537130928
0.6928124067998807
0.7918282135401133
-0.8246346555323592
0.13510289293170297
0.5090963316433045
0.1333134506412168
0.7041455413062929
-0.8651953474500447
0.38860721741723825
0.524008350730689
-0.33194154488517746
0.9606322696093051
0.39397554428869674
0.8121085594989561
0.2728899492991351
0.7870563674321504
-0.8586340590515955
0.7924246943036087
0.4375186400238592
0.3456606024455712
0.005070086489710746
0.528780196838652
0.3575902177154787
-0.22875037280047716
0.21861019982105578
-0.07784073963614668
0.3301521025946913
0.949299135102893
-0.5084998508798091
-0.8824932895914106
0.686847599164927
0.3301521025946913
0.949299135102893
0.7793021175067104
-0.1154190277363556
0.5424992543990457
-0.17029525797793021
-0.7810915597971966
0.42081717864598867
0.14941843125559195
-0.5550253504324485
0.39397554428869674
-0.1380852967491799
0.39397554428869674
0.8013719057560393
0.5991649269311065
-0.18341783477482854
0.8252311362958544
-0.7626006561288399
-0.1291380852967492
0.2657321801371906
-0.16969877721443494
0.7464956755144647
0.8872651356993737
0.3575902177154787
0.2657321801371906
0.7769161944527289
0.39397554428869674
0.7536534446764092
0.3963614673426782
0.5764986579182821
0.5013420817178647
0.2728899492991351
0.949299135102893
-0.1380852967491799
0.39397554428869674
-0.5550253504324485
-0.5210259469132121
0.8013719057560393
0.7572323292573815
-0.3856248135997613
0.16850581568744405
0.9606322696093051
0.03071875932001189
0.9689830002982404
0.9761407694601849
0.949299135102893
0.5359379660005965
-0.5084998508798091
0.6999701759618253
0.9606322696093051
-0.5108857739337906
0.7793021175067104
0.949299135102893
0.3301521025946913
0.2937667760214733
0.7453027139874739
0.07127945123769763
0.7536534446764092
0.6671637339695795
-0.40650164032209957
0.9606322696093051
0.3301521025946913
0.9689830002982404
0.9761407694601849
0.949299135102893
0.4768863704145542
0.24783775723232926
-0.21741723829406512
0.596779003877125
0.2728899492991351
-0.8902475395168505
0.5621831195943932
0.3963614673426782
0.31225767968983
0.9123173277661796
0.12615568147927225
0.6224276767074262
0.6832687145839547
-0.21741723829406512
-0.49179838950193866
-0.7464956755144647
-0.9021771547867581
0.14941843125559195
0.4768863704145542
-0.5502535043244856
0.23948702654339393
0.3575902177154787
0.9594393080823144
0.43155383238890543
0.23471518043543094
-0.990456307784074
-0.1380852967491799
0.528780196838652
0.06591112436623914
0.42081717864598867
0.1995228153892037
-0.5132716969877722
-0.7333730987175664
0.20429466149716669
0.8270205785863406
-0.4947807933194155
-0.31225767968983
0.23889054577989854
0.7793021175067104
0.949299135102893
0.2657321801371906
0.06173575902177153
-0.1380852967491799
0.14941843125559195
0.5538323889054577
0.4369221592603638
0.046823739934387154
0.5216224276767074
-0.03668356695496566
0.949299135102893
0.8121085594989561
0.39397554428869674
0.8580375782881002
0.8252311362958544
0.3575902177154787
0.2728899492991351
0.5764986579182821
0.3963614673426782
0.9898598270205786
0.3301521025946913
0.949299135102893
0.7906352520131226
0.5037280047718461
0.949299135102893
0.8121085594989561
0.7769161944527289
0.7870563674321504
0.788249328959141
0.7793021175067104
0.39397554428869674
0.8013719057560393
-0.1291380852967492
0.9606322696093051
0.2657321801371906
-0.6951983298538622
0.475096928124068
-0.39874739039665963
0.3575902177154787
0.7035490605427974
0.8985982702057859
0.3301521025946913
0.6576200417536535
0.9689830002982404
0.9761407694601849
0.5359379660005965
0.06173575902177153
-0.09931404712198022
-0.07784073963614668
0.528780196838652
0.819862809424396
0.26692514166418135
-0.3766776021473308
0.8663883089770354
-0.5550253504324485
0.7769161944527289
0.9982105577095138
0.7757232329257382
0.48702654339397555
0.5991649269311065
-0.12555920071577686
-0.48762302415747083
0.39397554428869674
0.949299135102893
0.8896510587533553
0.3575902177154787
-0.1380852967491799
0.2657321801371906
0.7769161944527289
0.7333730987175664
0.7870563674321504
0.932001192961527
0.44586937071279453
0.2728899492991351
-0.1291380852967492
0.8013719057560393
0.8121085594989561
0.9606322696093051
-0.6188487921264538
0.4613778705636743
0.2728899492991351
0.81031911720847
-0.18640023859230537
-0.9254399045630779
0.19594393080823147
-0.5914106770056666
0.788249328959141
0.949299135102893
0.9606322696093051
0.7769161944527289
-0.5550253504324485
0.3575902177154787
0.8896510587533553
-0.1380852967491799
0.42081717864598867
0.7870563674321504
-0.1291380852967492
0.39397554428869674
0.3575902177154787
0.9606322696093051
0.949299135102893
0.8121085594989561
0.5764986579182821
0.22517148821950494
0.2705040262451536
0.3301521025946913
-0.8061437518640024
0.686847599164927
0.339099314047122
0.6653742916790933
0.7924246943036087
-0.7011631374888161
0.5317626006561289
-0.8848792126453922
0.31762600656128837
0.21503131524008345
0.7536534446764092
-0.15955860423501345
0.7870563674321504
0.39397554428869674
0.3301521025946913
0.8121085594989561
0.7345660602445572
0.3575902177154787
0.2728899492991351
0.42081717864598867
0.39397554428869674
0.3575902177154787
0.3963614673426782
0.8013719057560393
-0.4947807933194155
0.13510289293170297
-0.584252907843722
0.9343871160155085
-0.41604533253802556
0.1470325082016105
0.22517148821950494
0.8926334625708321
-0.40650164032209957
0.2728899492991351
0.7924246943036087
0.3575902177154787
0.7035490605427974
0.8985982702057859
0.3301521025946913
0.6576200417536535
0.9606322696093051
0.3575902177154787
0.03071875932001189
0.3635550253504325
0.3575902177154787
0.7918282135401133
0.6951983298538622
0.7494780793319415
-0.1380852967491799
0.3575902177154787
0.5764986579182821
0.8896510587533553
0.217417238294065
0.04145541306292877
-0.9033701163137489
0.10885773933790632
0.4094840441395765
0.9397554428869669
-0.5019385624813599
-0.15955860423501345
0.24724127646883387
-0.13689233522218913
0.7107068297047421
-0.5592007157769161
-0.7029525797793021
0.9469132120489114
-0.5180435430957351
0.4715180435430958
0.949299135102893
-0.1380852967491799
0.3301521025946913
-0.1380852967491799
0.41664181330152106
0.5764986579182821
0.7107068297047421
0.9862809424396063
0.21503131524008345
0.7536534446764092
-0.15955860423501345
0.7870563674321504
0.39397554428869674
0.9606322696093051
0.7924246943036087
0.7870563674321504
0.2728899492991351
0.8121085594989561
0.3575902177154787
-0.1380852967491799
0.949299135102893
0.3301521025946913
0.9761407694601849
0.2699075454816582
0.222189084402028
0.5926036385326573
-0.16969877721443494
0.39397554428869674
0.8013719057560393
0.9982105577095138
0.046823739934387154
0.14941843125559195
0.13092752758723536
0.16433045034297644
0.932001192961527
0.7751267521622428
0.8425290784372204
0.7107068297047421
0.8824932895914107
-0.8974053086787952
0.48643006263048016
0.686847599164927
0.11601550849985087
-0.9093349239487027
0.15776916194452728
0.22338204592901878
-0.7924246943036086
-0.8401431553832388
-0.6796898300029823
0.6528481956456904
-0.8801073665374293
0.8473009245451835
0.1148225469728601
0.4804652549955264
-0.18222487324783776
0.10468237399343872
0.9606322696093051
0.7870563674321504
0.3575902177154787
0.2728899492991351
0.8896510587533553
-0.06889352818371597
0.5926036385326573
0.5532359081419624
0.21503131524008345
0.9689830002982404
0.514464658514763
0.7476886370414555
0.7918282135401133
0.44050104384133615
0.5973754846406203
0.6999701759618253
0.9606322696093051
-0.5108857739337906
0.7793021175067104
0.949299135102893
0.3301521025946913
0.2937667760214733
0.7453027139874739
0.07127945123769763
0.7536534446764092
0.6671637339695795
-0.40650164032209957
0.949299135102893
0.2657321801371906
0.39397554428869674
0.5764986579182821
-0.1380852967491799
0.3301521025946913
0.4900089472114524
-0.9242469430360871
0.8037578288100209
-0.05398150909633159
0.222189084402028
0.3301521025946913
0.9689830002982404
0.9761407694601849
0.949299135102893
0.14941843125559195
0.8121085594989561
0.9606322696093051
0.949299135102893
0.2275574112734864
-0.03668356695496566
0.528780196838652
-0.1613480465254995
0.3575902177154787
0.2728899492991351
-0.9033701163137489
0.3575902177154787
0.516254100805249
0.3301521025946913
0.949299135102893
0.9606322696093051
0.8121085594989561
0.8896510587533553
-0.1380852967491799
0.8693707127945124
0.9218610199821056
0.3963614673426782
0.14941843125559195
-0.5550253504324485
-0.16969877721443494
0.39397554428869674
0.9302117506710409
0.16910229645093944
-0.31225767968983
-0.5502535043244856
-0.1291380852967492
-0.1434536236206383
0.009245451834178353
0.7924246943036087
0.2728899492991351
0.5532359081419624
0.7769161944527289
0.39397554428869674
0.8013719057560393
0.5764986579182821
-0.03668356695496566
0.9606322696093051
0.7870563674321504
0.3480465254995526
0.3575902177154787
0.9606322696093051
0.6862511184014315
0.448255293766776
0.528780196838652
0.7870563674321504
0.7345660602445572
0.06173575902177153
-0.1380852967491799
0.7954070981210856
0.6999701759618253
0.949299135102893
0.3301521025946913
0.7769161944527289
0.3719057560393677
0.2657321801371906
-0.1380852967491799
-0.1291380852967492
0.39397554428869674
0.3301521025946913
0.2657321801371906
0.7793021175067104
-0.31345064121682076
0.7793021175067104
0.949299135102893
-0.1380852967491799
0.686847599164927
-0.6850581568744407
-0.1380852967491799
0.9761407694601849
-0.002684163435729303
0.7017596182523114
0.7769161944527289
0.2657321801371906
0.8013719057560393
0.39397554428869674
-0.07784073963614668
0.528780196838652
0.21861019982105578
0.7757232329257382
0.9773337309871757
0.1428571428571429
0.7458991947509692
-0.8729495973754846
0.3909931404712198
0.6188487921264539
-0.6033402922755742
0.14941843125559195
0.16910229645093944
0.19713689233522214
0.25678496868475986
0.6403220996122875
-0.1380852967491799
0.3999403519236505
0.9606322696093051
0.3575902177154787
0.3719057560393677
0.6725320608410379
0.43632567849686843
0.5317626006561289
-0.9033701163137489
-0.45958842827318813
0.7572323292573815
0.37071279451237693
0.8693707127945124
0.9606322696093051
0.3301521025946913
0.949299135102893
-0.4100805249030719
0.4106770056665673
0.9689830002982404
0.9761407694601849
0.949299135102893
0.5359379660005965
0.06173575902177153
0.026543393975544283
0.14941843125559195
0.949299135102893
0.06173575902177153
-0.1380852967491799
0.7954070981210856
0.5442886966895317
-0.6433045034297644
0.8896510587533553
0.39397554428869674
-0.7858634059051595
0.389800178944229
0.46436027438115124
0.7870563674321504
0.2728899492991351
0.5246048314941842
0.16910229645093944
0.7620041753653445
0.7793021175067104
0.9475096928124068
-0.4285714285714286
0.9218610199821056
-0.6099015806740233
0.217417238294065
0.2561884879212646
-0.7118997912317329
-0.22397852669251406
0.27527587235311657
0.7536534446764092
0.6999701759618253
-0.6433045034297644
0.6140769460184909
0.16433045034297644
0.3575902177154787
-0.9129138085296749
-0.17506710408589332
0.2728899492991351
0.3689233522218909
0.08738443185207279
0.8675812705040262
0.433939755442887
0.7035490605427974
-0.10885773933790643
0.2883984491500149
0.7769161944527289
0.2657321801371906
0.8013719057560393
0.5532359081419624
0.39397554428869674
0.8252311362958544
-0.8335818669847896
0.5991649269311065
-0.8866686549358782
0.9689830002982404
0.9761407694601849
0.949299135102893
-0.018192663286608957
0.3575902177154787
-0.17029525797793021
0.39397554428869674
-0.1291380852967492
0.5764986579182821
-0.08022666269012824
0.9982105577095138
0.2657321801371906
0.7769161944527289
0.8896510587533553
0.3575902177154787
0.9606322696093051
0.8121085594989561
0.9606322696093051
0.06054279749478075
-0.4619743513271697
0.8538622129436326
0.5204294661497166
0.6999701759618253
0.3575902177154787
0.9325976737250223
-0.16910229645093944
0.8121085594989561
0.35162541008052495
0.19713689233522214
0.25678496868475986
0.3575902177154787
0.6349537727408291
-0.1380852967491799
0.949299135102893
0.39397554428869674
-0.17029525797793021
-0.5550253504324485
0.7769161944527289
0.39397554428869674
0.8896510587533553
0.3575902177154787
0.949299135102893
0.9606322696093051
0.9606322696093051
0.8896510587533553
0.9325976737250223
0.6683566954965703
0.6999701759618253
0.7620041753653445
0.8932299433343275
0.7870563674321504
-0.15478675812705034
0.7906352520131226
0.932001192961527
-0.3528183716075157
0.3730987175663585
0.29853862212943627
0.7793021175067104
0.39397554428869674
0.8013719057560393
-0.1380852967491799
-0.1291380852967492
0.8121085594989561
0.7345660602445572
0.6039367730390695
0.3575902177154787
0.8962123471518043
-0.10945422010140171
0.524008350730689
0.596779003877125
0.6212347151804354
0.8675812705040262
0.566954965702356
0.44586937071279453
0.2657321801371906
0.9284223083805547
0.9606322696093051
-0.7268118103191172
-0.3074858335818669
0.9218610199821056
0.8121085594989561
0.7369519832985386
0.8896510587533553
0.6218311959439309
0.16492693110647183
0.3301521025946913
0.7924246943036087
0.9689830002982404
0.9982105577095138
0.949299135102893
0.3719057560393677
0.39397554428869674
0.5764986579182821
-0.1291380852967492
0.8896510587533553
-0.011631374888159796
-0.15955860423501345
0.7870563674321504
-0.039069490008947216
0.9594393080823144
0.7924246943036087
0.8121085594989561
0.16910229645093944
0.528780196838652
0.3575902177154787
-0.18341783477482854
0.3456606024455712
0.9606322696093051
-0.32836266030420513
0.949299135102893
0.7870563674321504
-0.1380852967491799
0.8896510587533553
0.3575902177154787
0.9325976737250223
0.39397554428869674
0.2657321801371906
0.8013719057560393
0.7769161944527289
0.8252311362958544
-0.4279749478079331
0.16075156576200422
-0.5711303310468236
0.9689830002982404
0.9606322696093051
0.566954965702356
-0.4100805249030719
0.2657321801371906
0.7793021175067104
0.8013719057560393
-0.36415150611392777
0.788249328959141
-0.5711303310468236
-0.7345660602445572
0.39397554428869674
-0.6779003877124963
0.8896510587533553
0.7065314643602744
0.39397554428869674
0.5764986579182821
-0.05756039367730392
0.035490605427975
0.03071875932001189
-0.43930808231434537
0.1333134506412168
-0.12078735460781398
0.5323590814196242
-0.5526394273784669
0.715478675812705
-0.576498657918282
0.4572025052192067
0.10348941246644794
-0.3969579481061736
0.81807336713391
-0.1380852967491799
-0.5275872353116613
0.3021175067104086
0.1995228153892037
0.909931404712198
0.6999701759618253
0.6606024455711303
0.9361765583059947
0.9606322696093051
0.7536534446764092
0.7924246943036087
0.7345660602445572
0.2728899492991351
-0.1291380852967492
0.8896510587533553
0.3575902177154787
0.3575902177154787
0.7918282135401133
0.6951983298538622
0.7494780793319415
0.3301521025946913
0.9689830002982404
0.9761407694601849
0.949299135102893
-0.08917387414255895
0.30987175663584854
-0.13271696987772152
0.528780196838652
0.3575902177154787
0.9218610199821056
-0.1380852967491799
-0.990456307784074
0.8896510587533553
0.7936176558305994
-0.9379660005964807
0.5764986579182821
-0.1291380852967492
-0.6033402922755742
-0.4667461974351328
0.8043543095735163
0.4428869668953176
-0.8663883089770354
0.3575902177154787
0.6940053683268714
-0.1380852967491799
0.14941843125559195
0.39397554428869674
0.8628094243960632
0.8872651356993737
0.7464956755144647
-0.44050104384133615
-0.1380852967491799
0.9761407694601849
0.3575902177154787
0.39397554428869674
0.39397554428869674
0.5424992543990457
0.5317626006561289
0.19654041157172686
-0.17029525797793021
-0.5550253504324485
-0.16969877721443494
-0.1380852967491799
0.7816880405606919
0.6653742916790933
0.3766776021473307
0.3575902177154787
0.9606322696093051
-0.9278258276170595
-0.17029525797793021
0.8711601550849986
-0.1380852967491799
-0.1380852967491799
0.2657321801371906
0.5371309275275873
0.949299135102893
0.7769161944527289
0.39397554428869674
0.8013719057560393
-0.4929913510289292
0.949299135102893
0.8896510587533553
0.3575902177154787
0.9606322696093051
-0.1380852967491799
0.6659707724425887
0.14941843125559195
0.2657321801371906
-0.16969877721443494
0.3301521025946913
0.5371309275275873
-0.4929913510289292
-0.6850581568744407
0.4900089472114524
0.06710408589322991
-0.7202505219206681
-0.3593796600059649
0.6850581568744408
0.932001192961527
0.7870563674321504
0.06173575902177153
0.5764986579182821
0.788249328959141
0.5764986579182821
0.2728899492991351
0.39397554428869674
-0.465553235908142
0.9606322696093051
0.8121085594989561
0.3575902177154787
0.8013719057560393
0.8896510587533553
0.4619743513271697
0.9218610199821056
0.7315836564270802
-0.03668356695496566
0.3301521025946913
0.06173575902177153
-0.1380852967491799
0.7954070981210856
0.7793021175067104
0.8121085594989561
0.9606322696093051
-0.38383537130927525
0.9111243662391888
0.7870563674321504
-0.8311959439308083
-0.13450641216820758
0.8252311362958544
-0.8807038473009245
0.3575902177154787
0.9594393080823144
0.7637936176558306
0.14941843125559195
0.516254100805249
0.8896510587533553
0.3575902177154787
0.8121085594989561
0.9218610199821056
0.728004771846108
-0.2269609305099911
0.5025350432448554
0.6862511184014315
0.4888159856844617
0.3575902177154787
0.3301521025946913
0.7924246943036087
0.9606322696093051
0.2728899492991351
0.9218610199821056
-0.9129138085296749
0.932001192961527
0.9487026543393976
0.3301521025946913
0.5532359081419624
0.9689830002982404
0.9761407694601849
0.5359379660005965
-0.5502535043244856
-0.10945422010140171
0.4768863704145542
0.16910229645093944
0.3575902177154787
0.4613778705636743
-0.40650164032209957
0.9606322696093051
0.3575902177154787
-0.1380852967491799
0.9248434237995825
-0.1804354309573517
0.03071875932001189
-0.5627796003578884
0.00029824038174763867
0.6999701759618253
0.9284223083805547
0.3528183716075156
-0.17029525797793021
0.4619743513271697
0.6725320608410379
0.8419325976737251
-0.6051297345660602
0.3301521025946913
0.8121085594989561
0.8896510587533553
-0.1380852967491799
0.9606322696093051
0.949299135102893
-0.8860721741723829
0.8896510587533553
-0.6433045034297644
0.3677303906949001
0.3575902177154787
-0.1380852967491799
0.39397554428869674
-0.3957649865791828
-0.35997614076946016
0.9218610199821056
-0.6611989263346256
0.5770951386817775
-0.334327467939159
0.3301521025946913
0.42081717864598867
0.949299135102893
0.9606322696093051
0.8681777512675216
-0.37966000596480765
-0.1380852967491799
0.8121085594989561
0.3575902177154787
0.8896510587533553
0.788249328959141
0.7870563674321504
0.7536534446764092
-0.09752460483149417
0.9695794810617357
-0.8634059051595586
0.5890247539516851
-0.19534745004473608
-0.8681777512675217
0.29436325678496866
-0.5741127348643007
0.7053385028332837
0.14941843125559195
0.9606322696093051
0.3575902177154787
-0.1380852967491799
0.42081717864598867
0.38502833283626603
-0.5711303310468236
0.7870563674321504
0.788249328959141
0.16910229645093944
0.12257679689830003
0.9594393080823144
0.2728899492991351
-0.40650164032209957
0.17268118103191177
0.8669847897405308
0.5228153892036982
0.2728899492991351
0.5520429466149717
0.3575902177154787
0.2728899492991351
0.6999701759618253
0.3301521025946913
0.7906352520131226
0.3301521025946913
0.949299135102893
0.8121085594989561
0.5323590814196242
0.08977035490605423
0.3575902177154787
0.7769161944527289
-0.5550253504324485
0.39397554428869674
-0.7918282135401133
-0.7518640023859231
0.5663584849388608
0.5448851774530271
0.42081717864598867
0.35162541008052495
0.5502535043244856
-0.10945422010140171
-0.4554130629287205
-0.786459886668655
-0.1291380852967492
-0.1380852967491799
-0.6021473307485834
-0.21085594989561596
-0.08261258574410979
0.949299135102893
0.3301521025946913
0.3909931404712198
0.40172979421413657
0.3719057560393677
0.16433045034297644
0.35162541008052495
0.7924246943036087
-0.01699970175961818
-0.8818968088279153
-0.3528183716075157
0.5419027736355502
0.3575902177154787
0.8896510587533553
-0.1380852967491799
0.3808529674917984
0.39397554428869674
-0.5550253504324485
-0.16969877721443494
-0.1291380852967492
0.3575902177154787
-0.17029525797793021
0.7769161944527289
0.2657321801371906
0.39397554428869674
0.3301521025946913
0.9689830002982404
0.9761407694601849
0.949299135102893
0.04503429764390099
0.3301521025946913
-0.27527587235311657
-0.1380852967491799
0.3963614673426782
0.5979719654041158
-0.8729495973754846
0.7107068297047421
-0.16969877721443494
0.39397554428869674
0.5317626006561289
0.5424992543990457
0.9976140769460184
0.6653742916790933
-0.6403220996122876
0.9606322696093051
0.3635550253504325
0.14941843125559195
0.3301521025946913
0.3575902177154787
0.3301521025946913
0.8121085594989561
0.7906352520131226
0.49060542797494777
0.21980316134804656
-0.5108857739337906
0.18759320011929614
0.6999701759618253
0.2728899492991351
-0.40650164032209957
0.3110647181628392
0.788249328959141
0.16910229645093944
0.12257679689830003
0.7906352520131226
0.16313748881598567
-0.11184014315538326
0.7769161944527289
-0.8437220399642111
0.2657321801371906
0.37906352520131226
0.6999701759618253
0.21503131524008345
0.2657321801371906
0.3719057560393677
0.3963614673426782
-0.1380852967491799
-0.03131524008350728
0.528780196838652
0.8962123471518043
-0.10945422010140171
0.524008350730689
0.596779003877125
0.6212347151804354
0.949299135102893
0.9761407694601849
-0.1380852967491799
0.9606322696093051
0.9606322696093051
0.2728899492991351
0.39397554428869674
0.7870563674321504
0.932001192961527
-0.13450641216820758
0.9325976737250223
0.8896510587533553
0.3575902177154787
0.9397554428869669
0.8121085594989561
-0.3671339099314048
0.9606322696093051
0.9761407694601849
0.3963614673426782
-0.1380852967491799
0.2657321801371906
-0.5550253504324485
0.7781091559797196
-0.10945422010140171
0.14941843125559195
0.5764986579182821
-0.40650164032209957
0.2728899492991351
0.39397554428869674
0.6940053683268714
0.7781091559797196
0.6439009841932597
0.5532359081419624
0.8896510587533553
0.7924246943036087
-0.15955860423501345
0.3575902177154787
0.9218610199821056
0.5764986579182821
0.016403220996122903
0.8896510587533553
0.9827020578586341
0.2561884879212646
-0.18341783477482854
0.49060542797494777
0.6862511184014315
0.8121085594989561
0.2543990456307784
0.3575902177154787
0.39397554428869674
0.8580375782881002
0.8121085594989561
0.9606322696093051
0.8836862511184014
-0.17745302713987465
0.8252311362958544
0.7345660602445572
0.3575902177154787
0.39397554428869674
0.8896510587533553
-0.1380852967491799
0.18818968088279153
0.32716969877721447
-0.7399343871160156
0.9994035192365046
0.9606322696093051
-0.1380852967491799
0.3301521025946913
0.39397554428869674
-0.1380852967491799
0.3301521025946913
0.39397554428869674
0.7536534446764092
0.9689830002982404
0.9761407694601849
0.5359379660005965
0.06173575902177153
0.3301521025946913
0.949299135102893
0.3719057560393677
0.5108857739337906
-0.08917387414255895
0.7924246943036087
0.4053086787951089
-0.13033104682373997
0.7035490605427974
0.06173575902177153
0.8121085594989561
0.2657321801371906
0.3575902177154787
0.39397554428869674
0.8896510587533553
0.48643006263048016
0.9761407694601849
0.949299135102893
0.949299135102893
0.686847599164927
0.2657321801371906
-0.16969877721443494
-0.1380852967491799
0.5532359081419624
0.39397554428869674
0.14941843125559195
0.8013719057560393
0.046823739934387154
0.9761407694601849
0.9982105577095138
0.5926036385326573
-0.8729495973754846
-0.8341783477482851
0.7793021175067104
0.3719057560393677
-0.07008648971070675
0.3963614673426782
-0.1380852967491799
0.3301521025946913
-0.8168804056069192
0.9606322696093051
0.465553235908142
0.13510289293170297
-0.27587235311661207
-0.043244855353414824
-0.20727706531464363
-0.8377572323292575
0.7793021175067104
0.8616164628690725
0.7751267521622428
0.8705636743215032
-0.9892633462570832
-0.7148821950492097
-0.19296152699075453
0.0211750671040859
0.5764986579182821
-0.22159260363853273
-0.1291380852967492
0.2657321801371906
0.45958842827318824
0.049806143751863985
0.7804950790337012
0.6397256188487921
-0.8538622129436326
0.949299135102893
-0.14643602743811512
0.21503131524008345
-0.15955860423501345
0.7870563674321504
0.7560393677303907
-0.13092752758723525
0.3575902177154787
0.9660005964807635
0.8121085594989561
-0.535341485237101
0.4184312555920071
-0.34685356397256184
0.016403220996122903
0.8478974053086787
-0.5961825231136295
0.4333432746793916
0.2561884879212646
0.8127050402624515
-0.2794512376975842
0.16910229645093944
-0.5562183119594393
0.10289293170295255
-0.5711303310468236
-0.06829704742022069
-0.6433045034297644
0.949299135102893
-0.5007456009543692
-0.6325678496868476
0.7918282135401133
-0.14524306591112435
0.8896510587533553
0.39397554428869674
0.2657321801371906
-0.1291380852967492
0.7870563674321504
0.932001192961527
-0.12496271995228159
0.27229346853563974
-0.1148225469728601
-0.1380852967491799
0.8359677900387712
0.3575902177154787
0.39397554428869674
0.8013719057560393
-0.05934983596778998
0.016403220996122903
0.949299135102893
0.9606322696093051
0.9606322696093051
0.2728899492991351
0.06173575902177153
0.5764986579182821
0.3575902177154787
0.3301521025946913
0.5317626006561289
0.002684163435729192
0.7793021175067104
0.2728899492991351
0.9606322696093051
0.30927527587235315
0.3575902177154787
0.39397554428869674
0.8896510587533553
0.8264240978228452
-0.9636146734267821
0.6576200417536535
0.7769161944527289
0.3719057560393677
0.3021175067104086
0.2657321801371906
0.7769161944527289
0.3307485833581867
0.14643602743811512
0.2418729495973755
0.2925738144944825
-0.046823739934387154
-0.7435132716969877
0.40292275574112735
-0.8532657321801371
-0.908141962421712
0.927229346853564
-0.6516552341186996
-0.5377274082910826
0.7220399642111541
-0.38801073665374286
-0.8944229048613181
0.7757232329257382
-0.8347748285117804
0.3575902177154787
0.9946316731285416
0.555621831195944
0.6003578884580972
0.7614076946018491
0.9606322696093051
0.16433045034297644
-0.1380852967491799
0.3575902177154787
0.9606322696093051
0.8896510587533553
0.7870563674321504
-0.7429167909334924
0.9982105577095138
0.5424992543990457
0.39397554428869674
0.8896510587533553
0.7107068297047421
-0.16969877721443494
0.7870563674321504
-0.17029525797793021
0.5317626006561289
0.19654041157172686
-0.03191172084700278
-0.1380852967491799
0.6653742916790933
0.5764986579182821
-0.08022666269012824
-0.7011631374888161
0.016403220996122903
-0.06173575902177153
-0.15955860423501345
0.4279749478079332
0.9970175961825232
0.2705040262451536
0.3301521025946913
0.949299135102893
0.06173575902177153
-0.1380852967491799
0.7954070981210856
-0.8645988666865494
0.832388905457799
0.2728899492991351
0.6606024455711303
0.9361765583059947
0.8121085594989561
0.39397554428869674
0.3575902177154787
0.949299135102893
0.2657321801371906
0.7769161944527289
-0.17029525797793021
0.9982105577095138
0.8013719057560393
0.8896510587533553
0.5317626006561289
0.5424992543990457
0.9976140769460184
0.6504622725917089
-0.5502535043244856
0.2728899492991351
0.5764986579182821
-0.17864598866686543
0.6361467342678199
0.3200119296152699
0.7870563674321504
0.03071875932001189
0.07485833581866985
0.7870563674321504
0.3450641216820758
0.3725022368028631
0.43155383238890543
0.3301521025946913
0.9624217118997912
0.9236504622725917
0.6940053683268714
-0.1380852967491799
0.3301521025946913
0.9689830002982404
0.949299135102893
0.9606322696093051
0.7906352520131226
0.5532359081419624
-0.17029525797793021
-0.5502535043244856
0.21503131524008345
-0.03668356695496566
0.23471518043543094
-0.990456307784074
-0.1380852967491799
0.528780196838652
0.06591112436623914
0.42081717864598867
0.1995228153892037
-0.5132716969877722
-0.7333730987175664
0.20429466149716669
0.8270205785863406
-0.4947807933194155
-0.31225767968983
0.23889054577989854
0.7793021175067104
0.8896510587533553
0.9606322696093051
0.7769161944527289
0.2657321801371906
0.5764986579182821
0.13510289293170297
0.16433045034297644
0.9677900387712496
-0.40650164032209957
0.3301521025946913
0.949299135102893
-0.1380852967491799
0.39397554428869674
-0.16969877721443494
-0.5550253504324485
0.8013719057560393
0.7793021175067104
0.5764986579182821
-0.41664181330152106
-0.3760811213838353
-0.7363555025350432
0.514464658514763
0.2705040262451536
0.3301521025946913
0.9689830002982404
0.9761407694601849
0.949299135102893
0.7769161944527289
0.3301521025946913
0.35162541008052495
0.8121085594989561
0.3575902177154787
0.8896510587533553
-0.40650164032209957
0.2728899492991351
-0.1380852967491799
0.42081717864598867
0.7870563674321504
-0.9129138085296749
0.3575902177154787
0.951088577393379
0.2323292573814495
0.39397554428869674
0.33373098717566363
-0.27587235311661207
0.32716969877721447
0.03071875932001189
0.3021175067104086
0.5663584849388608
-0.584252907843722
-0.15955860423501345
0.3575902177154787
0.6164628690724724
-0.8616164628690726
0.9594393080823144
0.2728899492991351
-0.15955860423501345
0.3719057560393677
0.2460483149418431
0.016403220996122903
0.9982105577095138
-0.6433045034297644
0.7769161944527289
0.39397554428869674
0.8013719057560393
0.3575902177154787
0.5764986579182821
-0.1291380852967492
0.9296152699075455
0.22815389203698178
0.08857739337906356
0.06173575902177153
-0.1380852967491799
0.7954070981210856
0.949299135102893
0.39397554428869674
0.8067402326274977
-0.9886668654935877
0.4768863704145542
0.2657321801371906
0.8759320011929616
-0.03668356695496566
0.3575902177154787
0.39397554428869674
0.5025350432448554
-0.4935878317924247
0.8121085594989561
0.9606322696093051
-0.5550253504324485
0.7816880405606919
0.7924246943036087
0.516254100805249
0.2937667760214733
0.2728899492991351
0.949299135102893
0.3301521025946913
0.9761407694601849
0.2699075454816582
0.222189084402028
0.5926036385326573
-0.16969877721443494
0.39397554428869674
0.8013719057560393
0.9982105577095138
0.046823739934387154
0.14941843125559195
0.13092752758723536
0.16433045034297644
0.932001192961527
0.7751267521622428
0.8425290784372204
0.7107068297047421
0.8824932895914107
-0.8974053086787952
0.48643006263048016
0.686847599164927
0.11601550849985087
0.9689830002982404
0.9761407694601849
0.949299135102893
0.8896510587533553
-0.41664181330152106
0.6093050999105278
0.9481061735759022
0.686847599164927
0.3575902177154787
0.3301521025946913
0.14941843125559195
0.1571726811810319
-0.27587235311661207
0.334327467939159
0.9719654041157173
-0.3862212943632568
0.900387712496272
0.49060542797494777
0.6391291380852968
0.8771249627199523
0.5860423501342082
0.3575902177154787
-0.3689233522218909
-0.5550253504324485
-0.16969877721443494
-0.6122875037280047
0.39397554428869674
-0.7667760214733075
-0.849686847599165
0.8013719057560393
0.9976140769460184
0.8133015210259469
-0.7942141365940949
0.5532359081419624
-0.1434536236206383
0.09394572025052195
-0.25320608410378775
0.6546376379361766
0.5317626006561289
0.4059051595586043
0.6653742916790933
-0.6242171189979122
0.16731285416045327
-0.18759320011929614
0.7870563674321504
-0.7172681181031912
-0.48702654339397555
0.21622427676707423
-0.21503131524008356
0.9606322696093051
0.8896510587533553
0.3575902177154787
0.8121085594989561
0.3575902177154787
0.2728899492991351
-0.3402922755741127
0.6606024455711303
0.949299135102893
0.9325976737250223
0.9606322696093051
0.3575902177154787
0.39397554428869674
0.8013719057560393
0.9606322696093051
0.2657321801371906
-0.9033701163137489
0.8896510587533553
-0.17029525797793021
-0.7333730987175664
0.9397554428869669
0.4094840441395765
0.3033104682373994
0.4768863704145542
0.3963614673426782
-0.1380852967491799
0.13510289293170297
-0.24246943036087076
0.7751267521622428
0.25320608410378764
0.2728899492991351
0.6999701759618253
-0.1380852967491799
0.41664181330152106
0.5764986579182821
0.7107068297047421
0.9862809424396063
-0.15955860423501345
-0.9940351923650461
0.3575902177154787
0.8896510587533553
0.949299135102893
0.9761407694601849
0.737548464062034
0.8896510587533553
0.9152997315836564
0.3301521025946913
-0.1380852967491799
0.9689830002982404
0.8681777512675216
0.9761407694601849
0.949299135102893
-0.6850581568744407
0.3301521025946913
-0.37369519832985376
-0.48285117804950795
-0.37966000596480765
0.6850581568744408
0.43155383238890543
-0.06829704742022069
0.16910229645093944
0.2657321801371906
0.14941843125559195
0.788249328959141
0.5621831195943932
-0.1380852967491799
0.7572323292573815
0.3575902177154787
0.39397554428869674
0.22517148821950494
-0.31464360274381153
0.49060542797494777
0.8013719057560393
0.6248135997614077
0.4279749478079332
0.9982105577095138
0.3450641216820758
0.3725022368028631
0.3575902177154787
0.9302117506710409
-0.5084998508798091
0.949299135102893
0.39397554428869674
-0.1380852967491799
0.3301521025946913
0.7208470026841635
-0.5711303310468236
-0.043244855353414824
0.23053981509096333
0.38502833283626603
-0.09871756635848494
0.3301521025946913
-0.011631374888159796
0.9689830002982404
0.9761407694601849
0.19713689233522214
0.3301521025946913
0.49060542797494777
0.528780196838652
0.2657321801371906
0.3575902177154787
0.3575902177154787
0.7769161944527289
-0.5550253504324485
0.39397554428869674
-0.7918282135401133
-0.7518640023859231
0.5663584849388608
0.5448851774530271
0.42081717864598867
0.7578288100208768
0.029525797793021225
0.3575902177154787
-0.524008350730689
0.21503131524008345
0.39397554428869674
0.3575902177154787
0.949299135102893
0.2657321801371906
0.7769161944527289
-0.17029525797793021
0.9982105577095138
0.8013719057560393
0.8896510587533553
0.5317626006561289
0.5424992543990457
0.9976140769460184
0.6504622725917089
-0.5502535043244856
0.2728899492991351
0.5764986579182821
-0.17864598866686543
0.6361467342678199
0.3200119296152699
0.7870563674321504
-0.5502535043244856
0.9761407694601849
0.7769161944527289
0.528780196838652
0.2657321801371906
0.9982105577095138
0.8013719057560393
0.046823739934387154
0.5532359081419624
0.6164628690724724
-0.7876528481956457
-0.9057560393677304
-0.01699970175961818
0.13510289293170297
0.9606322696093051
0.3575902177154787
0.7816880405606919
0.8896510587533553
0.35162541008052495
0.25320608410378764
0.9803161348046525
0.2728899492991351
0.7793021175067104
0.16910229645093944
0.5102892931702953
0.949299135102893
-0.1380852967491799
0.3719057560393677
0.788249328959141
0.3963614673426782
-0.2657321801371906
-0.1380852967491799
0.8121085594989561
0.7345660602445572
0.49060542797494777
0.6653742916790933
-0.1380852967491799
0.949299135102893
-0.7673725022368028
-0.1798389501938562
0.39397554428869674
0.5532359081419624
0.9982105577095138
0.7184610796301819
0.19654041157172686
-0.17029525797793021
0.5317626006561289
0.9230539815090963
-0.15955860423501345
0.19713689233522214
0.8121085594989561
0.7769161944527289
0.8896510587533553
0.8896510587533553
0.3575902177154787
0.49060542797494777
0.5663584849388608
0.2728899492991351
0.9606322696093051
0.8896510587533553
0.39397554428869674
0.7870563674321504
0.00029824038174763867
0.3575902177154787
0.2728899492991351
0.22517148821950494
0.1243662391887862
0.7578288100208768
0.8121085594989561
0.2728899492991351
0.8896510587533553
0.6576200417536535
0.949299135102893
0.9606322696093051
0.7769161944527289
-0.1291380852967492
0.2657321801371906
0.7107068297047421
-0.4190277363555026
0.7536534446764092
0.5263942737846705
0.5281837160751566
-0.31464360274381153
-0.3552042946614973
-0.5204294661497166
0.8693707127945124
0.8854756934088875
0.7405308678795108
0.28541604533253806
0.6940053683268714
0.8586340590515956
0.5532359081419624
0.39397554428869674
0.16910229645093944
0.49120190873844316
0.2657321801371906
0.516254100805249
0.8013719057560393
0.1947509692812407
-0.2084700268416344
-0.25380256486728303
-0.7685654637637935
0.42081717864598867
0.41664181330152106
0.9624217118997912
0.7250223680286311
0.009245451834178353
0.16790933492394866
-0.1291380852967492
0.6164628690724724
-0.15955860423501345
-0.03668356695496566
0.949299135102893
0.5317626006561289
0.3301521025946913
0.21503131524008345
0.7345660602445572
0.3575902177154787
0.47330748583358184
0.2227855651655234
0.8121085594989561
0.7345660602445572
0.07127945123769763
0.2782582761705935
0.7769161944527289
0.7870563674321504
0.2657321801371906
0.39397554428869674
-0.1291380852967492
0.297942141365941
0.5764986579182821
-0.1380852967491799
0.3301521025946913
-0.1434536236206383
-0.17029525797793021
0.9606322696093051
0.8121085594989561
0.8121085594989561
-0.11422606620936482
0.9218610199821056
0.03071875932001189
-0.7870563674321502
0.3456606024455712
0.9606322696093051
0.8121085594989561
-0.4721145243065912
-0.18341783477482854
0.3575902177154787
-0.4333432746793915
-0.37966000596480765
0.5675514464658515
0.6391291380852968
0.08380554727110046
-0.1291380852967492
0.5860423501342082
-0.17029525797793021
0.39397554428869674
0.3575902177154787
0.42081717864598867
-0.5711303310468236
-0.14047121980316124
-0.8944229048613181
-0.05099910527885476
-0.1380852967491799
-0.6433045034297644
-0.20966298836862518
0.9606322696093051
-0.11601550849985087
0.949299135102893
-0.715478675812705
-0.3492394870265434
-0.5502535043244856
0.9982105577095138
0.3719057560393677
0.516254100805249
0.3575902177154787
0.000894721145243027
0.949299135102893
0.3575902177154787
0.3635550253504325
-0.3528183716075157
0.06054279749478075
0.9325976737250223
0.14941843125559195
0.2657321801371906
-0.7286012526096033
0.25797793021175064
-0.8365642708022667
0.41604533253802567
-0.7560393677303907
0.15359379660005967
0.41783477482851183
-0.6295854458693708
-0.5031315240083507
-0.4983596779003878
0.2782582761705935
0.18699671935580076
0.0444378168804056
-0.40650164032209957
0.056963912913808534
0.2728899492991351
0.42201014017297944
0.014613778705636737
0.6009543692215926
0.3301521025946913
-0.11243662391887854
0.7345660602445572
-0.27587235311661207
-0.1380852967491799
0.7560393677303907
0.009245451834178353
0.2657321801371906
0.14941843125559195
0.7769161944527289
0.3575902177154787
0.39397554428869674
0.7870563674321504
0.932001192961527
0.41664181330152106
-0.1380852967491799
-0.6838651953474499
0.39397554428869674
0.5317626006561289
0.3301521025946913
0.8896510587533553
-0.1434536236206383
0.2657321801371906
-0.16969877721443494
0.16969877721443483
-0.1291380852967492
0.3301521025946913
-0.011631374888159796
0.9689830002982404
0.9761407694601849
0.19713689233522214
0.8121085594989561
0.7345660602445572
0.6039367730390695
0.3575902177154787
0.7924246943036087
0.7345660602445572
0.2728899492991351
-0.1291380852967492
0.8896510587533553
0.3575902177154787
-0.6051297345660602
0.3719057560393677
0.5735162541008052
0.2275574112734864
-0.08082314345362351
0.3575902177154787
0.949299135102893
0.9606322696093051
0.8121085594989561
0.8896510587533553
0.7578288100208768
0.2657321801371906
0.7769161944527289
0.39397554428869674
-0.17029525797793021
-0.4929913510289292
-0.3480465254995526
0.7793021175067104
-0.37966000596480765
0.995228153892037
0.9606322696093051
0.3575902177154787
0.949299135102893
0.9761407694601849
0.3301521025946913
0.39397554428869674
0.2657321801371906
-0.5550253504324485
0.932001192961527
0.7870563674321504
-0.15478675812705034
0.016403220996122903
0.6677602147330748
0.7572323292573815
0.3575902177154787
0.9594393080823144
0.7536534446764092
-0.5084998508798091
-0.8824932895914106
0.3301521025946913
0.9982105577095138
0.949299135102893
0.7769161944527289
0.3963614673426782
0.9606322696093051
0.3301521025946913
0.949299135102893
0.7793021175067104
0.2728899492991351
-0.03668356695496566
0.8121085594989561
0.7769161944527289
0.4619743513271697
-0.19654041157172686
0.9606322696093051
0.8896510587533553
-0.03668356695496566
0.2657321801371906
0.7769161944527289
0.39397554428869674
0.5991649269311065
0.8013719057560393
-0.5609901580674024
0.06113927825827614
0.995228153892037
0.7870563674321504
0.7620041753653445
0.7315836564270802
-0.49537727408291077
0.6850581568744408
0.3200119296152699
0.2561884879212646
-0.9988070384730092
0.13510289293170297
0.16313748881598567
-0.8091261556814793
-0.15955860423501345
0.9606322696093051
0.8896510587533553
0.949299135102893
0.7870563674321504
0.9325976737250223
-0.1380852967491799
0.14941843125559195
0.06173575902177153
0.7954070981210856
0.7906352520131226
0.5037280047718461
0.6999701759618253
0.949299135102893
0.9606322696093051
-0.41664181330152106
-0.40650164032209957
0.6498657918282136
0.35162541008052495
0.9606322696093051
-0.8264240978228452
0.3808529674917984
-0.8818968088279153
0.7769161944527289
0.2657321801371906
0.39397554428869674
0.9910527885475693
0.9606322696093051
0.8896510587533553
-0.6695496570235611
-0.03668356695496566
0.6260065612883985
0.39397554428869674
-0.1380852967491799
0.13510289293170297
0.16433045034297644
0.9677900387712496
-0.40650164032209957
0.3301521025946913
0.949299135102893
-0.1380852967491799
0.39397554428869674
-0.16969877721443494
-0.5550253504324485
0.8013719057560393
0.7793021175067104
0.5764986579182821
-0.41664181330152106
-0.3760811213838353
-0.7363555025350432
0.514464658514763
0.2705040262451536
0.3575902177154787
0.39397554428869674
0.9606322696093051
0.14941843125559195
-0.17029525797793021
0.8854756934088875
0.8693707127945124
0.16910229645093944
0.949299135102893
0.3301521025946913
0.4762898896510588
0.25320608410378764
0.2728899492991351
-0.2275574112734864
0.8121085594989561
0.7793021175067104
0.7429167909334924
0.42081717864598867
-0.8914405010438413
-0.5711303310468236
0.20906650760512968
-0.3301521025946914
0.9821055770951387
-0.7900387712496273
0.9218610199821056
0.4202206978824933
0.7924246943036087
-0.6415150611392784
0.2728899492991351
0.4762898896510588
0.8186698478974053
0.5764986579182821
0.7870563674321504
0.03071875932001189
0.6862511184014315
0.6248135997614077
0.3575902177154787
0.9606322696093051
0.9111243662391888
-0.18341783477482854
-0.7626006561288399
-0.05756039367730392
0.8890545779898599
0.03071875932001189
0.3826424097822845
0.8121085594989561
0.7345660602445572
0.49060542797494777
0.6653742916790933
-0.1380852967491799
0.949299135102893
0.9606322696093051
0.3575902177154787
0.949299135102893
0.9761407694601849
0.3301521025946913
0.39397554428869674
0.2657321801371906
-0.5550253504324485
0.932001192961527
0.7870563674321504
-0.15478675812705034
0.016403220996122903
0.6677602147330748
0.7572323292573815
0.9606322696093051
0.8896510587533553
0.9218610199821056
-0.1380852967491799
0.3963614673426782
-0.7703549060542798
0.8896510587533553
0.3575902177154787
-0.1380852967491799
0.9397554428869669
0.7924246943036087
-0.7721443483447659
0.39397554428869674
-0.1380852967491799
0.2657321801371906
0.5371309275275873
0.949299135102893
0.7769161944527289
0.39397554428869674
0.8013719057560393
-0.4929913510289292
0.949299135102893
0.3575902177154787
0.39397554428869674
0.222189084402028
0.49060542797494777
0.3575902177154787
0.5764986579182821
0.7906352520131226
0.788249328959141
-0.3444676409185803
0.9606322696093051
0.16910229645093944
0.9689830002982404
0.9761407694601849
0.06173575902177153
-0.1380852967491799
0.7954070981210856
0.3241872949597375
-0.13927825827617069
0.8013719057560393
0.7536534446764092
0.48285117804950795
-0.14047121980316124
0.949299135102893
0.0867879510885774
0.7769161944527289
0.2657321801371906
0.39397554428869674
0.3301521025946913
-0.06889352818371597
0.5317626006561289
0.5991649269311065
0.19654041157172686
0.5764986579182821
0.6653742916790933
0.8956158663883089
0.9689830002982404
0.9761407694601849
0.949299135102893
0.7769161944527289
0.39397554428869674
0.8037578288100209
-0.05398150909633159
0.222189084402028
0.8013719057560393
0.5532359081419624
-0.1380852967491799
0.3575902177154787
0.5764986579182821
-0.1380852967491799
0.8854756934088875
0.6999701759618253
0.7870563674321504
-0.5681479272293468
0.7405308678795108
0.05219206680584554
0.8693707127945124
0.9982105577095138
0.3719057560393677
0.5281837160751566
0.7107068297047421
0.3575902177154787
0.9606322696093051
0.8896510587533553
0.949299135102893
0.9761407694601849
0.3575902177154787
0.737548464062034
-0.9594393080823143
0.0915597971965404
0.5323590814196242
-0.47450044736057273
0.36594094840441393
0.08082314345362362
0.5729197733373099
0.3683268714583955
0.3575902177154787
0.39397554428869674
0.5991649269311065
-0.4106770056665672
0.7924246943036087
0.8693707127945124
-0.8866686549358782
0.2561884879212646
0.8341783477482851
0.1243662391887862
0.7578288100208768
0.8121085594989561
0.2728899492991351
0.8896510587533553
0.8490903668356695
-0.5108857739337906
-0.8956158663883089
0.3575902177154787
0.49597375484640616
0.9266328660900686
-0.17626006561288388
0.949299135102893
0.8115120787354608
-0.002684163435729303
0.2406799880703847
-0.6850581568744407
0.625410080524903
-0.17029525797793021
0.949299135102893
0.8115120787354608
-0.002684163435729303
0.2406799880703847
-0.6850581568744407
0.625410080524903
-0.17029525797793021
-0.7661795407098122
0.8121085594989561
-0.17745302713987465
0.8252311362958544
0.03071875932001189
0.949299135102893
0.3575902177154787
0.8896510587533553
-0.1380852967491799
0.949299135102893
0.3575902177154787
0.8896510587533553
-0.1380852967491799
0.8968088279152997
0.9606322696093051
0.3575902177154787
0.5764986579182821
0.8896510587533553
0.8968088279152997
0.9606322696093051
0.3575902177154787
0.5764986579182821
0.8896510587533553
-0.17029525797793021
0.9982105577095138
0.8121085594989561
0.7769161944527289
0.4619743513271697
-0.9129138085296749
0.6999701759618253
0.7906352520131226
-0.13450641216820758
0.2728899492991351
0.2728899492991351
-0.45422010140172975
0.6576200417536535
0.35162541008052495
0.7041455413062929
0.3575902177154787
0.9325976737250223
-0.6116910229645094
0.39815090963316435
0.8121085594989561
0.03071875932001189
0.5663584849388608
0.7536534446764092
-0.17029525797793021
0.7769161944527289
0.16910229645093944
0.2657321801371906
0.516254100805249
0.3575902177154787
0.14941843125559195
0.9236504622725917
0.8854756934088875
-0.5186400238592306
-0.1380852967491799
0.14941843125559195
0.9236504622725917
0.046823739934387154
-0.1380852967491799
0.2657321801371906
0.7769161944527289
0.516254100805249
0.39397554428869674
-0.17029525797793021
0.009841932597673742
0.788249328959141
0.16910229645093944
0.9594393080823144
0.43155383238890543
0.36534446764091855
0.2728899492991351
0.81031911720847
0.8896510587533553
0.3575902177154787
0.21145243065911123
0.6260065612883985
0.949299135102893
-0.26155681479272297
0.9606322696093051
0.3301521025946913
0.7518640023859231
-0.6433045034297644
0.14941843125559195
-0.5484640620339993
0.917685654637638
0.8496868475991649
0.7793021175067104
0.5657620041753653
0.8192663286609007
0.788249328959141
0.06173575902177153
-0.1380852967491799
0.7954070981210856
0.3301521025946913
0.3719057560393677
0.2657321801371906
0.7769161944527289
0.8121085594989561
0.949299135102893
0.8300029824038175
0.05577095138681776
0.8425290784372204
0.7924246943036087
0.3080823143453624
-0.22397852669251406
0.7769161944527289
0.1243662391887862
0.7745302713987474
0.7769161944527289
-0.8699671935580078
-0.3808529674917984
0.3575902177154787
0.9606322696093051
0.39397554428869674
-0.8097226364449746
0.8663883089770354
-0.1380852967491799
0.9606322696093051
0.3575902177154787
-0.11243662391887854
0.949299135102893
0.7870563674321504
0.39397554428869674
0.5317626006561289
-0.5550253504324485
-0.16969877721443494
0.5377274082910826
0.7816880405606919
-0.980912615568148
-0.2412764688338802
0.6546376379361766
0.4297643900984194
-0.6200417536534446
0.8896510587533553
0.3629585445869371
0.4422904861318222
-0.9618252311362958
0.7107068297047421
-0.16969877721443494
0.8013719057560393
0.16850581568744405
-0.35162541008052495
0.5317626006561289
0.16731285416045327
-0.08022666269012824
0.6653742916790933
-0.7327766179540709
0.6594094840441396
-0.9677900387712497
0.4130629287205487
-0.6808827915299731
0.6546376379361766
0.4297643900984194
-0.6200417536534446
-0.10229645093945727
0.40709812108559496
0.8896510587533553
0.9552639427378466
0.9427378467044438
-0.8538622129436326
0.525797793021175
0.1243662391887862
0.7745302713987474
0.7769161944527289
-0.8699671935580078
-0.3808529674917984
0.5764986579182821
-0.26155681479272297
0.2728899492991351
0.5794810617357591
0.35162541008052495
0.9606322696093051
0.7769161944527289
0.3575902177154787
0.39397554428869674
-0.1291380852967492
-0.5550253504324485
0.9982105577095138
-0.1380852967491799
0.3301521025946913
0.949299135102893
0.7793021175067104
0.3575902177154787
0.9606322696093051
0.03071875932001189
0.3575902177154787
0.949299135102893
0.8693707127945124
0.8854756934088875
0.3301521025946913
-0.1380852967491799
0.4900089472114524
0.7560393677303907
0.7870563674321504
0.39397554428869674
-0.5550253504324485
0.7769161944527289
0.9982105577095138
0.42081717864598867
-0.7333730987175664
-0.1380852967491799
0.4840441395764986
0.3456606024455712
-0.2883984491500149
0.4106770056665673
0.9606322696093051
0.3575902177154787
0.521025946913212
0.5317626006561289
0.1333134506412168
-0.14047121980316124
-0.698180733671339
0.9534745004473606
0.39397554428869674
0.8013719057560393
0.046823739934387154
0.22517148821950494
-0.5711303310468236
0.7870563674321504
0.7578288100208768
0.7769161944527289
0.9504920966298837
-0.9242469430360871
0.8842827318818968
0.5991649269311065
-0.1380852967491799
0.2728899492991351
0.34625708320906656
-0.4482552937667761
0.686847599164927
0.42081717864598867
0.5198329853862214
-0.3623620638234417
0.9504920966298837
0.004473605726215357
0.14941843125559195
0.9200715776916194
-0.7447062332239784
0.949299135102893
0.7107068297047421
-0.10945422010140171
0.9302117506710409
0.5812705040262451
0.7095138681777513
0.222189084402028
0.6653742916790933
0.6755144646585147
0.9397554428869669
0.5896212347151804
-0.9033701163137489
0.9606322696093051
0.3575902177154787
0.521025946913212
0.5317626006561289
0.1333134506412168
-0.14047121980316124
-0.698180733671339
0.9534745004473606
0.39397554428869674
0.8013719057560393
0.046823739934387154
0.22517148821950494
-0.5711303310468236
0.7870563674321504
0.7578288100208768
0.7769161944527289
0.9504920966298837
-0.9242469430360871
0.8842827318818968
0.5991649269311065
-0.1380852967491799
0.2728899492991351
0.34625708320906656
-0.4482552937667761
0.686847599164927
0.42081717864598867
0.5198329853862214
-0.3623620638234417
0.9504920966298837
0.004473605726215357
0.14941843125559195
0.9200715776916194
-0.7447062332239784
0.949299135102893
0.7107068297047421
-0.10945422010140171
0.9302117506710409
0.5812705040262451
0.7095138681777513
0.222189084402028
0.6653742916790933
0.6755144646585147
0.9397554428869669
0.5896212347151804
-0.9033701163137489
0.7781091559797196
0.8121085594989561
-0.9242469430360871
0.2728899492991351
0.3110647181628392
0.056963912913808534
0.3575902177154787
0.9105278854756934
0.8854756934088875
-0.3056963912913808
0.5532359081419624
0.8013719057560393
0.39397554428869674
-0.16969877721443494
0.9982105577095138
0.3963614673426782
-0.9463167312854159
0.7816880405606919
0.7321801371905756
0.24306591112436626
-0.7590217715478675
0.7345660602445572
0.7769161944527289
0.9761407694601849
0.949299135102893
0.7769161944527289
0.39397554428869674
-0.1380852967491799
-0.5550253504324485
0.8037578288100209
0.8013719057560393
0.3999403519236505
-0.6850581568744407
0.19057560393677309
0.9218610199821056
0.13510289293170297
0.16313748881598567
0.49239487026543394
0.8013719057560393
0.9606322696093051
0.7769161944527289
0.3719057560393677
0.16910229645093944
0.9689830002982404
0.9761407694601849
0.949299135102893
0.5359379660005965
-0.5084998508798091
0.9689830002982404
0.9761407694601849
0.5186400238592306
0.5323590814196242
0.9254399045630779
0.6164628690724724
-0.8616164628690726
0.8896510587533553
0.9284223083805547
-0.5222189084402029
0.3301521025946913
0.949299135102893
-0.1380852967491799
-0.23471518043543105
-0.6850581568744407
0.9761407694601849
0.39397554428869674
0.9606322696093051
0.2728899492991351
0.06173575902177153
0.5764986579182821
0.3575902177154787
0.3301521025946913
0.5317626006561289
0.002684163435729192
0.7793021175067104
0.2728899492991351
0.7345660602445572
0.7643900984193259
0.2728899492991351
0.8121085594989561
0.8896510587533553
0.39397554428869674
0.7989859827020579
0.9218610199821056
0.8896510587533553
0.5764986579182821
0.3575902177154787
0.1995228153892037
0.06650760512973453
0.6862511184014315
0.9164926931106472
-0.5592007157769161
0.44467640918580376
0.5532359081419624
0.8121085594989561
0.9606322696093051
0.3575902177154787
0.39397554428869674
0.2657321801371906
-0.5550253504324485
-0.16969877721443494
0.8896510587533553
-0.1291380852967492
0.9397554428869669
0.5413062928720549
-0.728004771846108
0.8013719057560393
-0.5037280047718462
0.8777214434834477
0.222189084402028
0.009245451834178353
0.7560393677303907
0.5764986579182821
-0.1380852967491799
0.3963614673426782
0.6653742916790933
0.7578288100208768
0.029525797793021225
0.3575902177154787
-0.524008350730689
0.21503131524008345
0.7793021175067104
0.6039367730390695
-0.08917387414255895
-0.41664181330152106
0.4136594094840441
0.13510289293170297
0.22517148821950494
-0.516254100805249
-0.293170295257978
0.4613778705636743
0.2728899492991351
0.949299135102893
0.2657321801371906
0.3575902177154787
0.7536534446764092
0.3909931404712198
0.642708022666269
0.7345660602445572
0.8962123471518043
-0.10945422010140171
0.45839546674619747
0.8759320011929616
0.8121085594989561
0.516254100805249
-0.23411869967193555
0.046227259170891766
-0.1380852967491799
0.7924246943036087
0.949299135102893
0.7918282135401133
-0.1380852967491799
0.3301521025946913
0.4566060244557113
0.06173575902177153
-0.5007456009543692
0.3963614673426782
-0.1380852967491799
0.796003578884581
-0.1380852967491799
-0.24246943036087076
0.7954070981210856
0.3963614673426782
0.9606322696093051
0.6862511184014315
0.448255293766776
0.528780196838652
0.7870563674321504
-0.2555920071577691
0.5532359081419624
0.3719057560393677
0.8013719057560393
0.7536534446764092
0.3301521025946913
0.9689830002982404
0.9761407694601849
0.39397554428869674
0.5359379660005965
0.3719057560393677
0.3963614673426782
-0.016403220996122903
0.6940053683268714
-0.1380852967491799
0.39397554428869674
0.3575902177154787
0.5532359081419624
0.9982105577095138
0.7107068297047421
0.39397554428869674
0.046823739934387154
-0.41664181330152106
0.3575902177154787
0.949299135102893
0.9606322696093051
0.7769161944527289
0.7107068297047421
-0.6182523113629586
0.3575902177154787
-0.6850581568744407
0.8121085594989561
-0.18341783477482854
0.8896510587533553
0.9606322696093051
0.9379660005964807
0.7107068297047421
-0.1380852967491799
0.11422606620936471
0.7017596182523114
-0.002684163435729303
-0.212645392186102
0.3301521025946913
0.39397554428869674
0.5633760811213838
-0.5013420817178647
-0.5592007157769161
0.9749478079331941
-0.4226066209364747
0.3301521025946913
0.7924246943036087
0.9689830002982404
0.9982105577095138
0.949299135102893
0.9606322696093051
-0.10945422010140171
-0.12138383537130926
-0.5228153892036982
0.22517148821950494
-0.17387414255890254
0.7130927527587235
0.8896510587533553
0.3575902177154787
0.009245451834178353
-0.9129138085296749
0.932001192961527
0.16910229645093944
0.39397554428869674
0.009245451834178353
0.42081717864598867
0.9862809424396063
0.9606322696093051
-0.4947807933194155
0.2728899492991351
0.16910229645093944
0.49060542797494777
0.5156576200417536
0.3963614673426782
-0.1380852967491799
0.7924246943036087
0.824634655532359
0.8121085594989561
0.9606322696093051
0.3575902177154787
0.2657321801371906
0.7769161944527289
0.14941843125559195
0.39397554428869674
-0.3635550253504325
0.13510289293170297
-0.8013719057560393
-0.543095735162541
0.6934088875633762
0.2728899492991351
0.7924246943036087
0.3456606024455712
-0.22397852669251406
0.9606322696093051
-0.27587235311661207
0.3719057560393677
0.16910229645093944
0.3719057560393677
0.5735162541008052
0.516254100805249
0.3575902177154787
0.7536534446764092
0.35580077542499255
0.9606322696093051
0.2657321801371906
0.14941843125559195
-0.1380852967491799
0.06531464360274386
0.032508201610498055
-0.5991649269311066
-0.707724425887265
0.6039367730390695
0.5407098121085595
-0.9343871160155084
0.2973456606024456
-0.4428869668953177
0.7733373098717566
0.24903071875932004
0.7876528481956457
-0.40769460184909034
0.5454816582165225
0.7858634059051596
-0.6349537727408292
-0.7268118103191172
-0.3074858335818669
-0.5937966000596482
0.7417238294065016
-0.8443185207277066
0.443483447658813
0.479868774232031
-0.8138980017894424
-0.9970175961825232
-0.47807933194154484
0.3212048911422607
-0.7274082910826125
0.7655830599463167
-0.27110050700864896
0.7196540411571727
0.7118997912317329
0.48821950492096633
-0.6498657918282136
-0.33671339099314057
0.7840739636146734
-0.019982105577095233
0.6796898300029823
-0.8461079630181927
0.919475096928124
0.7041455413062929
0.23829406501640327
0.8121085594989561
0.9606322696093051
0.9761407694601849
0.949299135102893
0.26155681479272297
-0.000894721145243027
0.8693707127945124
-0.1380852967491799
0.3963614673426782
0.222189084402028
-0.05398150909633159
0.7560393677303907
-0.6230241574709217
-0.06591112436623914
-0.970175961825231
-0.13689233522218913
0.3999403519236505
0.3778705636743215
-0.5132716969877722
0.8013719057560393
0.39397554428869674
0.33373098717566363
0.3575902177154787
-0.5896212347151804
0.009245451834178353
0.7560393677303907
-0.4607813898001789
0.0677005666567253
0.8025648672830301
0.4858335818669848
0.39397554428869674
0.8693707127945124
0.49060542797494777
0.3456606024455712
0.7584252907843723
0.28601252609603345
0.6027438115120787
0.6057262153295556
-0.14941843125559195
0.5222189084402028
0.176260065612884
0.6295854458693707
0.5353414852371011
0.14166418133015213
0.019385624813599733
-0.16373396957948105
0.03071875932001189
0.9677900387712496
-0.009245451834178242
-0.4232031016999702
-0.013420817178646072
0.7918282135401133
-0.1804354309573517
0.8383537130927528
0.48702654339397555
0.3021175067104086
0.9164926931106472
0.5848493886072175
0.1333134506412168
0.3301521025946913
0.3909931404712198
0.3575902177154787
-0.5084998508798091
0.8896510587533553
0.9606322696093051
0.2728899492991351
0.949299135102893
0.42081717864598867
0.8896510587533553
0.3450641216820758
0.3725022368028631
0.3575902177154787
-0.5084998508798091
-0.8824932895914106
0.14941843125559195
-0.1291380852967492
0.5764986579182821
0.3575902177154787
0.2657321801371906
0.39397554428869674
0.7769161944527289
-0.9129138085296749
-0.1380852967491799
0.9325976737250223
0.9606322696093051
-0.5836564270802267
0.222189084402028
-0.05159558604235004
0.009245451834178353
0.533552042946615
0.39934387116015513
0.8222487324783776
0.9337906352520131
0.4321503131524008
0.3575902177154787
-0.1291380852967492
-0.1380852967491799
0.5764986579182821
0.39397554428869674
0.14941843125559195
0.2657321801371906
0.7769161944527289
0.9325976737250223
-0.6433045034297644
0.932001192961527
0.5764986579182821
0.3719057560393677
-0.9129138085296749
0.932001192961527
0.7870563674321504
0.6057262153295556
-0.14941843125559195
0.5222189084402028
0.176260065612884
0.6295854458693707
0.5353414852371011
0.14166418133015213
0.019385624813599733
-0.16373396957948105
0.03071875932001189
0.9677900387712496
-0.009245451834178242
-0.4232031016999702
-0.013420817178646072
0.7918282135401133
-0.1804354309573517
0.8383537130927528
0.48702654339397555
0.3021175067104086
0.9164926931106472
0.5848493886072175
0.1333134506412168
0.3301521025946913
0.3909931404712198
0.3575902177154787
-0.5084998508798091
0.8896510587533553
0.9606322696093051
0.3575902177154787
0.7536534446764092
0.8669847897405308
-0.15955860423501345
0.3301521025946913
-0.17029525797793021
0.9689830002982404
0.9761407694601849
0.8121085594989561
0.3575902177154787
0.9594393080823144
0.3963614673426782
0.9302117506710409
0.7637936176558306
0.4995526394273785
-0.30450342976439004
-0.4798687742320311
0.3456606024455712
0.32716969877721447
0.3575902177154787
0.7924246943036087
-0.7208470026841634
0.7643900984193259
-0.19773337309871764
0.949299135102893
0.9606322696093051
0.3575902177154787
-0.584252907843722
0.7930211750671041
0.3301521025946913
0.9689830002982404
0.4566060244557113
0.7870563674321504
0.0587533552042947
0.20608410378765285
0.5764986579182821
0.9325976737250223
0.35699373695198333
0.2728899492991351
0.8896510587533553
-0.03668356695496566
0.217417238294065
0.24664479570533848
0.06233223978526692
0.8252311362958544
0.7870563674321504
0.0587533552042947
0.20608410378765285
0.5764986579182821
0.9325976737250223
0.35699373695198333
0.2728899492991351
0.8896510587533553
-0.03668356695496566
0.217417238294065
0.24664479570533848
0.06233223978526692
0.8252311362958544
-0.15955860423501345
0.7870563674321504
0.3575902177154787
0.9302117506710409
0.5764986579182821
0.8693707127945124
0.506710408589323
0.5532359081419624
-0.15955860423501345
0.8383537130927528
-0.8431255592007159
0.788249328959141
0.2657321801371906
0.3575902177154787
0.7536534446764092
0.3909931404712198
0.642708022666269
0.2657321801371906
0.3575902177154787
0.7536534446764092
0.3909931404712198
0.642708022666269
0.949299135102893
0.3301521025946913
0.528780196838652
0.7793021175067104
0.9838950193856248
0.3575902177154787
0.39397554428869674
0.8013719057560393
-0.9934387116015508
-0.6600059648076348
0.9982105577095138
0.2657321801371906
0.7769161944527289
-0.014613778705636848
0.3301521025946913
0.9761407694601849
0.25201312257679687
0.3575902177154787
0.39397554428869674
0.8013719057560393
-0.9934387116015508
-0.6600059648076348
0.9982105577095138
0.2657321801371906
0.7769161944527289
-0.014613778705636848
0.3301521025946913
0.9761407694601849
0.25201312257679687
-0.1380852967491799
0.949299135102893
0.3301521025946913
0.3719057560393677
0.9689830002982404
0.3575902177154787
-0.1380852967491799
-0.5711303310468236
-0.5550253504324485
0.39397554428869674
-0.6880405606919178
0.222189084402028
0.7870563674321504
0.16910229645093944
0.41664181330152106
-0.14464658514762907
0.34625708320906656
0.5532359081419624
0.1333134506412168
0.3909931404712198
0.42081717864598867
0.516254100805249
0.8013719057560393
0.03071875932001189
-0.8962123471518044
-0.05756039367730392
-0.9946316731285416
0.09991052788547572
0.5323590814196242
0.31345064121682076
0.7816880405606919
0.1852072770653146
0.16015508499850883
-0.34625708320906656
-0.5108857739337906
0.6439009841932597
-0.20310169997017602
0.41246644795705334
0.2937667760214733
0.7757232329257382
0.37548464062034004
0.9528780196838652
-0.555621831195944
0.805547271100507
0.3587831792424694
0.5705338502833284
0.3575902177154787
-0.1380852967491799
-0.5711303310468236
-0.5550253504324485
0.39397554428869674
-0.6880405606919178
0.222189084402028
0.7870563674321504
0.16910229645093944
0.41664181330152106
-0.14464658514762907
0.34625708320906656
0.5532359081419624
0.1333134506412168
0.3909931404712198
0.42081717864598867
0.516254100805249
0.8013719057560393
0.03071875932001189
-0.8962123471518044
-0.05756039367730392
-0.9946316731285416
0.09991052788547572
0.5323590814196242
0.31345064121682076
0.7816880405606919
0.1852072770653146
0.16015508499850883
-0.34625708320906656
-0.5108857739337906
0.6439009841932597
-0.20310169997017602
0.41246644795705334
0.2937667760214733
0.7757232329257382
0.37548464062034004
0.9528780196838652
-0.555621831195944
0.805547271100507
0.3587831792424694
0.5705338502833284
0.7715478675812705
0.16910229645093944
0.3575902177154787
0.2728899492991351
-0.08857739337906345
0.23889054577989854
0.949299135102893
0.39397554428869674
0.8013719057560393
0.9982105577095138
-0.1380852967491799
0.9761407694601849
0.1333134506412168
0.7769161944527289
0.095735162541008
0.7793021175067104
0.7464956755144647
0.9397554428869669
-0.7333730987175664
-0.6242171189979122
0.2705040262451536
0.10647181628392488
0.7870563674321504
-0.1195943930808232
0.9218610199821056
-0.6832687145839547
0.8121085594989561
0.9164926931106472
0.2728899492991351
-0.4237995824634655
0.9218610199821056
0.7918282135401133
0.5663584849388608
0.5562183119594393
-0.5520429466149717
0.6731285416045333
-0.33313450641216824
0.8884580972263645
0.5997614076946018
0.29913510289293166
0.6629883686251119
-0.40351923650462274
0.9403519236504623
0.4273784670444378
-0.1195943930808232
0.7870563674321504
0.11422606620936471
-0.6611989263346256
-0.5180435430957351
-0.9832985386221293
-0.32359081419624225
0.8144944825529377
0.2794512376975843
0.3677303906949001
0.8896510587533553
0.9158962123471518
0.8240381747688637
-0.302713987473904
0.11541902773635548
-0.81807336713391
-0.04205189382642405
0.5741127348643007
-0.22457500745600956
0.17208470026841638
0.39278258276170597
0.5043244855353415
-0.5592007157769161
-0.846704443781688
0.7536534446764092
-0.7971965404115717
-0.16790933492394866
0.4428869668953176
-0.6957948106173575
0.7870563674321504
0.788249328959141
0.42081717864598867
-0.5711303310468236
0.14166418133015213
0.9827020578586341
0.7948106173575902
-0.4297643900984194
-0.14941843125559195
0.9361765583059947
-0.878317924246943

