0.3575902177154787
0.516254100805249
-0.09633164330450339
0.222189084402028
0.7560393677303907
0.9278258276170593
0.8896510587533553
0.8252311362958544
0.39397554428869674
0.8013719057560393
0.8693707127945124
0.8854756934088875
0.9594393080823144
-0.37966000596480765
0.16910229645093944
0.5621831195943932
0.42081717864598867
0.046823739934387154
0.14941843125559195
0.21503131524008345
-0.6128839844915002
0.23411869967193555
0.6546376379361766
0.39397554428869674
-0.5550253504324485
0.7769161944527289
0.7572323292573815
0.4619743513271697
-0.8896510587533553
-0.34208171786459896
0.5079033701163138
0.3021175067104086
0.9164926931106472
0.5884282731881897
0.611094542201014
-0.14882195049209668
0.8896510587533553
0.9982105577095138
-0.343871160155085
-0.9552639427378466
-0.2543990456307783
0.07187593200119291
-0.7291977333730988
0.7918282135401133
0.7464956755144647
0.13510289293170297
0.9713689233522219
-0.5794810617357591
0.5562183119594393
0.39397554428869674
0.2657321801371906
0.7769161944527289
0.949299135102893
-0.1380852967491799
0.8013719057560393
0.949299135102893
0.3301521025946913
0.7769161944527289
0.2657321801371906
0.3575902177154787
0.4888159856844617
0.3575902177154787
0.8896510587533553
0.39397554428869674
0.949299135102893
0.3301521025946913
0.7769161944527289
0.2657321801371906
0.3575902177154787
0.13510289293170297
0.9606322696093051
0.3575902177154787
0.8377572323292574
-0.5603936773039069
0.6916194452728899
0.13510289293170297
0.8425290784372204
-0.3390993140471219
0.3575902177154787
0.39397554428869674
0.42081717864598867
-0.1380852967491799
-0.29495973754846405
0.16910229645093944
0.2657321801371906
0.7769161944527289
-0.23889054577989866
0.5562183119594393
0.528780196838652
0.8377572323292574
-0.5603936773039069
0.6916194452728899
0.13510289293170297
0.8425290784372204
-0.3390993140471219
0.3575902177154787
0.39397554428869674
0.42081717864598867
-0.1380852967491799
-0.29495973754846405
0.16910229645093944
0.2657321801371906
0.7769161944527289
-0.23889054577989866
0.5562183119594393
0.528780196838652
0.9761407694601849
-0.5550253504324485
0.949299135102893
0.39397554428869674
-0.16969877721443494
-0.1291380852967492
0.9761407694601849
0.949299135102893
-0.1380852967491799
0.3575902177154787
0.9761407694601849
0.949299135102893
-0.1380852967491799
0.3575902177154787
0.7769161944527289
0.3575902177154787
0.39397554428869674
0.8896510587533553
0.5424992543990457
-0.8866686549358782
0.8663883089770354
0.19654041157172686
0.5317626006561289
0.2657321801371906
0.8013719057560393
0.7870563674321504
0.8121085594989561
0.7870563674321504
0.3575902177154787
0.39397554428869674
-0.1380852967491799
0.528780196838652
0.6576200417536535
-0.22875037280047716
0.949299135102893
0.22039964211154195
0.3301521025946913
0.949299135102893
0.8121085594989561
-0.1380852967491799
0.6999701759618253
0.9606322696093051
-0.46436027438115124
-0.6850581568744407
-0.10945422010140171
0.596779003877125
0.7781091559797196
0.8962123471518043
0.8753355204294662
0.8896510587533553
0.3575902177154787
0.2728899492991351
0.9606322696093051
0.4619743513271697
0.39397554428869674
0.8252311362958544
0.32716969877721447
0.6725320608410379
0.8419325976737251
0.217417238294065
0.3575902177154787
-0.8753355204294662
0.7769161944527289
0.49060542797494777
0.4768863704145542
0.3575902177154787
0.698180733671339
0.7924246943036087
0.949299135102893
-0.1380852967491799
0.8681777512675216
0.9689830002982404
-0.9433343274679391
-0.6850581568744407
0.7870563674321504
-0.14583954667461985
0.625410080524903
0.9606322696093051
0.9325976737250223
0.8896510587533553
0.7977930211750671
0.9606322696093051
0.2728899492991351
0.5096928124067999
-0.5699373695198331
0.2275574112734864
0.9606322696093051
0.2728899492991351
0.5096928124067999
-0.5699373695198331
0.2275574112734864
0.8681777512675216
0.39397554428869674
0.949299135102893
0.7107068297047421
0.3575902177154787
0.5424992543990457
-0.990456307784074
0.7852669251416642
-0.26155681479272297
-0.16969877721443494
0.8663883089770354
0.8896510587533553
-0.03429764390098411
0.42678198628094244
0.48643006263048016
0.8425290784372204
-0.9302117506710408
-0.543095735162541
-0.8013719057560393
0.35043244855353417
-0.555621831195944
-0.13033104682373997
0.9850879809126156
0.8681777512675216
0.39397554428869674
0.949299135102893
0.7107068297047421
0.3575902177154787
0.5424992543990457
-0.990456307784074
0.7852669251416642
-0.26155681479272297
-0.16969877721443494
0.8663883089770354
0.8896510587533553
-0.03429764390098411
0.42678198628094244
0.48643006263048016
0.8425290784372204
-0.9302117506710408
-0.543095735162541
-0.8013719057560393
0.35043244855353417
-0.555621831195944
-0.13033104682373997
0.9850879809126156
0.3719057560393677
-0.07008648971070675
0.949299135102893
0.9606322696093051
0.2657321801371906
0.7769161944527289
0.39397554428869674
-0.6051297345660602
0.49060542797494777
-0.5436922159260364
0.2365046227259171
0.5281837160751566
0.2657321801371906
0.516254100805249
0.3575902177154787
-0.5084998508798091
0.3963614673426782
0.2657321801371906
0.516254100805249
0.3575902177154787
-0.5084998508798091
0.3963614673426782
0.5860423501342082
0.05577095138681776
0.9606322696093051
0.9063525201312258
0.1333134506412168
-0.23292573814494477
-0.2543990456307783
0.9606322696093051
0.949299135102893
-0.1380852967491799
0.6999701759618253
0.9689830002982404
0.9606322696093051
0.949299135102893
-0.1380852967491799
0.6999701759618253
0.9689830002982404
0.3719057560393677
0.7924246943036087
-0.1291380852967492
0.3301521025946913
0.949299135102893
0.3719057560393677
0.7924246943036087
-0.1291380852967492
0.3301521025946913
0.949299135102893
0.555621831195944
-0.546078138980018
-0.2699075454816582
-0.7912317327766178
-0.1380852967491799
0.555621831195944
-0.546078138980018
-0.2699075454816582
-0.7912317327766178
-0.1380852967491799
0.949299135102893
0.9606322696093051
0.39397554428869674
0.5347450044736057
0.7262153295556218
0.8121085594989561
0.3575902177154787
-0.5800775424992544
0.9606322696093051
-0.1380852967491799
0.8252311362958544
0.949299135102893
0.949299135102893
0.9606322696093051
0.39397554428869674
0.5347450044736057
0.7262153295556218
0.949299135102893
0.9606322696093051
0.39397554428869674
0.5347450044736057
0.7262153295556218
-0.03668356695496566
0.7536534446764092
0.29436325678496866
0.9284223083805547
0.8204592901878914
0.949299135102893
0.7769161944527289
-0.1804354309573517
0.8610199821055771
0.6021473307485834
-0.15896212347151795
0.7458991947509692
0.8311959439308082
-0.5782881002087683
0.39397554428869674
0.6659707724425887
0.2657321801371906
0.7769161944527289
0.6450939457202505
0.7793021175067104
-0.1380852967491799
0.528780196838652
-0.546078138980018
0.9707724425887265
-0.22875037280047716
0.8580375782881002
0.949299135102893
-0.1380852967491799
0.39397554428869674
-0.3814494482552937
0.9761407694601849
0.2657321801371906
0.528780196838652
-0.546078138980018
0.9707724425887265
-0.22875037280047716
0.8580375782881002
0.949299135102893
-0.1380852967491799
0.39397554428869674
-0.3814494482552937
0.9761407694601849
0.2657321801371906
-0.1380852967491799
0.9689830002982404
0.9761407694601849
0.949299135102893
0.5359379660005965
0.16910229645093944
0.2657321801371906
0.3575902177154787
0.046823739934387154
-0.5084998508798091
0.9218610199821056
0.8121085594989561
0.9325976737250223
0.6862511184014315
0.9164926931106472
0.7769161944527289
0.39397554428869674
-0.1291380852967492
0.20190873844318524
0.3021175067104086
0.949299135102893
0.39397554428869674
0.3575902177154787
-0.1291380852967492
0.3301521025946913
-0.1380852967491799
0.4661497166716373
0.5764986579182821
-0.5502535043244856
-0.17626006561288388
-0.584252907843722
0.7769161944527289
0.20190873844318524
0.2657321801371906
0.8013719057560393
0.38502833283626603
0.2728899492991351
0.7918282135401133
0.1333134506412168
0.5663584849388608
0.2591708917387414
0.21443483447658818
-0.8061437518640024
0.14941843125559195
0.3963614673426782
0.9606322696093051
0.8121085594989561
0.3575902177154787
0.5055174470623323
0.8693707127945124
0.6653742916790933
-0.8335818669847896
0.9218610199821056
0.8896510587533553
-0.5723232925738144
0.42081717864598867
0.5764986579182821
0.7816880405606919
-0.1380852967491799
0.9325976737250223
0.39397554428869674
0.7262153295556218
0.7828810020876826
0.29913510289293166
-0.2657321801371906
0.5317626006561289
-0.3056963912913808
0.009245451834178353
0.521025946913212
0.8013719057560393
0.949299135102893
0.03728004771846105
0.8037578288100209
0.7954070981210856
-0.08917387414255895
0.5490605427974948
-0.4929913510289292
0.949299135102893
0.03728004771846105
0.8037578288100209
0.7954070981210856
-0.08917387414255895
0.5490605427974948
-0.4929913510289292
0.3301521025946913
0.9761407694601849
0.8013719057560393
-0.015806740232627403
0.7751267521622428
-0.17029525797793021
-0.664777810915598
-0.4929913510289292
-0.05398150909633159
0.8037578288100209
-0.07605129734566063
0.4900089472114524
0.3301521025946913
0.5532359081419624
0.9689830002982404
0.9761407694601849
0.5359379660005965
0.949299135102893
0.39397554428869674
0.3575902177154787
-0.1291380852967492
0.3301521025946913
-0.1380852967491799
0.4661497166716373
0.5764986579182821
-0.5502535043244856
-0.17626006561288388
-0.584252907843722
0.7769161944527289
0.20190873844318524
0.2657321801371906
0.8013719057560393
0.38502833283626603
0.2728899492991351
0.7918282135401133
0.1333134506412168
0.5663584849388608
0.2591708917387414
0.21443483447658818
-0.8061437518640024
0.14941843125559195
0.03071875932001189
0.955860423501342
0.574709215627796
-0.6683566954965703
-0.06352520131225758
0.6486728303012228
-0.4625708320906652
0.22457500745600956
0.9761407694601849
0.7954070981210856
0.39397554428869674
-0.41664181330152106
0.9689830002982404
0.9761407694601849
0.949299135102893
-0.1291380852967492
0.9606322696093051
0.3575902177154787
0.9218610199821056
-0.3999403519236504
0.3301521025946913
0.9689830002982404
0.7584252907843723
0.28601252609603345
0.12257679689830003
0.13510289293170297
0.7793021175067104
-0.1380852967491799
0.949299135102893
0.8681777512675216
0.9689830002982404
0.9761407694601849
0.2657321801371906
0.14941843125559195
0.7769161944527289
0.9761407694601849
-0.1380852967491799
0.9409484044139577
0.949299135102893
0.686847599164927
0.7816880405606919
0.2657321801371906
-0.5550253504324485
0.8681777512675216
0.26215329555621836
0.14941843125559195
0.9325976737250223
0.7769161944527289
0.19773337309871752
0.25320608410378764
0.15061139278258273
0.7793021175067104
0.2728899492991351
-0.1285416045332537
0.7918282135401133
-0.11362958544586932
0.00029824038174763867
0.6558305994631672
0.8121085594989561
0.3719057560393677
0.2657321801371906
0.3575902177154787
0.39397554428869674
0.7715478675812705
0.3450641216820758
0.3725022368028631
-0.09633164330450339
0.7536534446764092
0.9606322696093051
0.8121085594989561
0.3575902177154787
0.8896510587533553
0.14941843125559195
0.949299135102893
-0.8061437518640024
0.9606322696093051
0.3575902177154787
0.8896510587533553
0.39397554428869674
0.6653742916790933
0.16731285416045327
-0.17029525797793021
0.5317626006561289
0.7870563674321504
0.917685654637638
0.7924246943036087
0.3456606024455712
0.9606322696093051
0.3575902177154787
0.8896510587533553
0.39397554428869674
0.6653742916790933
0.16731285416045327
-0.17029525797793021
0.5317626006561289
0.7870563674321504
0.917685654637638
0.7924246943036087
0.3456606024455712
-0.1291380852967492
0.39397554428869674
0.3301521025946913
0.9689830002982404
0.9761407694601849
0.39397554428869674
0.5359379660005965
0.32716969877721447
0.7745302713987474
-0.025946913212048894
0.9606322696093051
0.949299135102893
0.8896510587533553
0.7918282135401133
0.03071875932001189
0.3301521025946913
0.9606322696093051
0.949299135102893
0.8896510587533553
0.7918282135401133
0.03071875932001189
0.3301521025946913
0.9689830002982404
0.3719057560393677
0.3963614673426782
-0.1380852967491799
0.4661497166716373
0.6940053683268714
0.9606322696093051
0.3575902177154787
0.8693707127945124
0.7107068297047421
-0.16969877721443494
-0.17029525797793021
-0.04085893229943327
0.39397554428869674
0.8013719057560393
0.3450641216820758
0.3725022368028631
0.3963614673426782
0.9862809424396063
0.222189084402028
0.9606322696093051
0.2728899492991351
0.7715478675812705
0.2728899492991351
0.6737250223680287
0.5096928124067999
-0.272889949299135
0.3575902177154787
0.9594393080823144
0.8013719057560393
0.009245451834178353
-0.6021473307485834
-0.1291380852967492
0.5532359081419624
-0.17029525797793021
-0.5502535043244856
0.9689830002982404
0.39397554428869674
-0.17745302713987465
0.8252311362958544
-0.06949000894721147
-0.6021473307485834
0.9606322696093051
0.7238294065016404
0.16313748881598567
0.9785266925141665
0.2657321801371906
0.3575902177154787
0.9236504622725917
0.9302117506710409
0.3963614673426782
0.8693707127945124
0.8854756934088875
0.28541604533253806
0.3301521025946913
0.949299135102893
0.6403220996122875
0.06173575902177153
0.5764986579182821
0.39397554428869674
-0.1380852967491799
0.8013719057560393
0.3450641216820758
0.3725022368028631
-0.1434536236206383
-0.1291380852967492
0.16969877721443483
0.13510289293170297
0.5764986579182821
0.7870563674321504
0.6367432150313153
0.8801073665374292
-0.02415747092156284
0.3719057560393677
0.2657321801371906
0.9302117506710409
0.3575902177154787
0.516254100805249
0.7715478675812705
0.2728899492991351
0.6737250223680287
0.5096928124067999
-0.272889949299135
0.8121085594989561
-0.9033701163137489
0.8478974053086787
0.8956158663883089
0.7620041753653445
0.7870563674321504
0.9325976737250223
0.8252311362958544
0.6850581568744408
0.788249328959141
0.8866686549358783
-0.5120787354607814
-0.45899194750969285
-0.4798687742320311
0.9606322696093051
0.15419027736355506
0.3265732180137191
0.14405010438413357
0.2549955263942738
0.3575902177154787
0.9606322696093051
0.2728899492991351
0.3575902177154787
0.9594393080823144
0.8013719057560393
0.009245451834178353
-0.6021473307485834
-0.1291380852967492
0.5532359081419624
-0.17029525797793021
-0.5502535043244856
0.9689830002982404
-0.20668058455114813
0.18103191172084698
0.3963614673426782
0.222189084402028
0.9624217118997912
0.516254100805249
0.3575902177154787
0.9236504622725917
0.009245451834178353
0.7536534446764092
0.9689830002982404
0.9761407694601849
0.7769161944527289
0.2657321801371906
0.5359379660005965
0.949299135102893
0.3719057560393677
0.06173575902177153
-0.1380852967491799
-0.2138383537130928
0.2502236802863108
0.16910229645093944
-0.8329853862212944
0.8258276170593498
-0.6784968684759916
-0.14166418133015202
0.949299135102893
0.3575902177154787
0.3593796600059648
0.4625708320906651
-0.9654041157172681
0.39874739039665974
-0.1380852967491799
0.4900089472114524
-0.6975842529078438
0.16910229645093944
-0.20668058455114813
0.3575902177154787
0.3963614673426782
-0.1380852967491799
0.8121085594989561
0.7345660602445572
0.3575902177154787
-0.3528183716075157
0.8896510587533553
0.7793021175067104
0.3301521025946913
0.39397554428869674
0.2728899492991351
-0.40650164032209957
0.4762898896510588
-0.4798687742320311
-0.615866388308977
-0.1291380852967492
-0.1380852967491799
0.8252311362958544
0.14941843125559195
0.2657321801371906
0.949299135102893
0.9642111541902774
0.7954070981210856
0.4768863704145542
0.3575902177154787
-0.08917387414255895
0.932001192961527
0.7870563674321504
0.686847599164927
0.1708917387414256
-0.24306591112436626
-0.6337608112138384
0.31404712198031615
-0.6641813301521027
0.01759618252311368
-0.7554428869668952
0.8001789442290486
-0.6110945422010141
-0.6606024455711303
0.41723829406501645
0.22934685356397255
0.9689830002982404
0.9761407694601849
0.7041455413062929
0.949299135102893
-0.1291380852967492
0.6993736951983298
0.1333134506412168
-0.4577989859827021
0.03071875932001189
0.3826424097822845
0.5818669847897405
-0.10945422010140171
0.7757232329257382
0.7614076946018491
0.39397554428869674
0.06173575902177153
-0.1380852967491799
0.22875037280047716
0.3301521025946913
0.9689830002982404
0.3719057560393677
0.3963614673426782
-0.1380852967491799
0.8896510587533553
0.5866388308977035
0.49597375484640616
-0.015806740232627403
-0.5150611392782583
0.39397554428869674
0.10050700864897111
0.778705636743215
-0.161944527288995
0.008052490307187576
0.3575902177154787
0.01699970175961829
0.2728899492991351
0.2657321801371906
0.06173575902177153
0.3963614673426782
-0.1380852967491799
0.7954070981210856
0.949299135102893
0.2657321801371906
0.39397554428869674
0.8013719057560393
-0.05398150909633159
-0.1380852967491799
0.949299135102893
-0.6433045034297644
0.6940053683268714
0.05577095138681776
0.8681777512675216
0.8681777512675216
0.26215329555621836
0.39397554428869674
0.8013719057560393
0.5532359081419624
0.3575902177154787
0.2645392186101998
0.7769161944527289
-0.1291380852967492
0.6904264837458992
0.7703549060542798
-0.8723531166119893
-0.03847300924545194
0.3963614673426782
0.7954070981210856
0.8013719057560393
-0.1291380852967492
0.9982105577095138
0.49060542797494777
0.39397554428869674
0.21503131524008345
0.4566060244557113
0.13450641216820758
0.3575902177154787
-0.09633164330450339
0.949299135102893
0.3301521025946913
0.9982105577095138
-0.5084998508798091
-0.8824932895914106
0.686847599164927
-0.1380852967491799
0.2728899492991351
0.9689830002982404
0.9761407694601849
0.5359379660005965
0.949299135102893
0.8681777512675216
0.8657918282135402
0.555621831195944
0.7697584252907843
0.03071875932001189
0.9564569042648374
0.9528780196838652
0.42081717864598867
-0.8914405010438413
0.7966000596480763
0.5705338502833284
0.3587831792424694
-0.8162839248434237
0.1333134506412168
-0.7679689830002983
0.0020876826722338038
0.5663584849388608
-0.5627796003578884
0.7614076946018491
-0.1380852967491799
0.528780196838652
0.9487026543393976
0.7793021175067104
0.9761407694601849
0.14941843125559195
0.2657321801371906
0.7769161944527289
0.3575902177154787
0.39397554428869674
0.26215329555621836
-0.10945422010140171
0.596779003877125
0.49060542797494777
0.4142558902475395
-0.6880405606919178
-0.3820459290187892
-0.9075454816582165
-0.1434536236206383
0.8956158663883089
0.4566060244557113
-0.03668356695496566
0.3575902177154787
0.8174768863704145
0.03071875932001189
0.42081717864598867
0.7870563674321504
0.788249328959141
-0.15955860423501345
0.6653742916790933
-0.039069490008947216
-0.31464360274381153
0.8121085594989561
0.7089173874142559
0.2543990456307784
-0.9266328660900687
-0.7739337906352519
0.6940053683268714
-0.1380852967491799
-0.1380852967491799
0.2728899492991351
0.6940053683268714
0.3575902177154787
0.3963614673426782
0.3575902177154787
0.9236504622725917
0.9302117506710409
0.3963614673426782
-0.1380852967491799
0.9689830002982404
0.9761407694601849
0.7769161944527289
0.2657321801371906
0.927229346853564
0.9606322696093051
0.3575902177154787
0.8121085594989561
-0.5550253504324485
0.7769161944527289
0.39397554428869674
-0.1291380852967492
-0.1380852967491799
0.949299135102893
0.3575902177154787
0.8681777512675216
0.49060542797494777
0.3575902177154787
0.39397554428869674
0.3301521025946913
0.5079033701163138
0.13510289293170297
0.16433045034297644
0.16313748881598567
0.3575902177154787
0.8693707127945124
-0.3056963912913808
0.8079331941544885
0.7816880405606919
0.8914405010438413
0.3301521025946913
0.949299135102893
0.6403220996122875
-0.1380852967491799
0.7793021175067104
0.516254100805249
0.3575902177154787
0.19773337309871752
0.6940053683268714
-0.1380852967491799
0.3301521025946913
0.949299135102893
0.7345660602445572
0.39397554428869674
-0.5084998508798091
0.7107068297047421
0.39397554428869674
0.3719057560393677
0.9689830002982404
0.949299135102893
0.3575902177154787
-0.1291380852967492
-0.5550253504324485
-0.16969877721443494
0.8013719057560393
0.5764986579182821
0.3963614673426782
0.3575902177154787
0.5532359081419624
0.7924246943036087
0.9302117506710409
0.9397554428869669
-0.1434536236206383
0.046823739934387154
0.3301521025946913
0.3575902177154787
0.3963614673426782
-0.1380852967491799
0.6999701759618253
-0.7220399642111541
0.5812705040262451
0.3719057560393677
-0.465553235908142
0.39397554428869674
0.3575902177154787
0.9308082314345363
0.9302117506710409
-0.1291380852967492
0.3385028332836266
-0.3056963912913808
0.9325976737250223
-0.45302713987473897
-0.525797793021175
0.5717268118103191
0.03370116313748883
-0.9069490008947212
-0.5657620041753653
-0.0867879510885774
0.33671339099314046
-0.31822248732478386
0.13569937369519836
0.9033701163137489
0.8896510587533553
-0.1989263346257084
-0.8717566358484938
-0.9522815389203698
0.29973158365642705
0.17327766179540705
0.4005368326871458
0.42558902475395166
-0.6266030420518938
0.33313450641216824
-0.7936176558305994
0.9618252311362958
0.6957948106173576
0.7101103489412466
-0.8043543095735162
0.5007456009543692
-0.5502535043244856
0.16910229645093944
0.7870563674321504
0.516254100805249
0.3575902177154787
0.9606322696093051
0.42081717864598867
0.7870563674321504
0.4661497166716373
0.5764986579182821
0.7536534446764092
0.8956158663883089
-0.15955860423501345
0.49060542797494777
0.6260065612883985
0.9982105577095138
0.7769161944527289
0.7870563674321504
0.2657321801371906
0.39397554428869674
0.8663883089770354
0.8896510587533553
0.8013719057560393
0.6039367730390695
0.06173575902177153
0.3963614673426782
-0.1380852967491799
0.7954070981210856
0.03071875932001189
0.8681777512675216
0.443483447658813
0.6576200417536535
-0.41664181330152106
0.528780196838652
0.26215329555621836
0.39397554428869674
0.2657321801371906
-0.24246943036087076
0.796003578884581
-0.07784073963614668
-0.1434536236206383
0.3575902177154787
0.222189084402028
0.8693707127945124
0.5621831195943932
-0.12496271995228159
0.3301521025946913
0.949299135102893
0.6403220996122875
-0.1380852967491799
0.7793021175067104
0.39397554428869674
-0.1291380852967492
0.3301521025946913
0.949299135102893
0.6576200417536535
0.28601252609603345
0.16313748881598567
0.06173575902177153
-0.1380852967491799
0.2728899492991351
0.443483447658813
0.3575902177154787
0.3021175067104086
-0.4762898896510588
0.6862511184014315
0.6558305994631672
-0.8681777512675217
0.949299135102893
0.39397554428869674
-0.1380852967491799
-0.5550253504324485
0.7769161944527289
0.3301521025946913
0.9606322696093051
0.8013719057560393
0.3575902177154787
0.2728899492991351
0.3301521025946913
0.4566060244557113
0.9689830002982404
0.9761407694601849
0.949299135102893
0.2609603340292276
-0.31225767968983
0.528780196838652
-0.5717268118103191
0.2508201610498061
0.7214434834476589
0.37429167909334926
0.949299135102893
0.3301521025946913
-0.1380852967491799
0.39397554428869674
0.13510289293170297
0.2728899492991351
-0.26274977631971375
0.1518043543095735
0.555621831195944
0.6862511184014315
0.8121085594989561
0.9606322696093051
-0.1380852967491799
0.7924246943036087
0.3575902177154787
-0.41664181330152106
0.2728899492991351
0.4613778705636743
-0.1291380852967492
0.8121085594989561
0.7089173874142559
0.2543990456307784
-0.9266328660900687
0.3301521025946913
0.9689830002982404
0.9642111541902774
0.949299135102893
0.5359379660005965
0.7924246943036087
-0.9242469430360871
0.3575902177154787
0.03071875932001189
0.3826424097822845
0.9606322696093051
0.949299135102893
0.3575902177154787
0.2657321801371906
-0.1380852967491799
0.3575902177154787
0.2657321801371906
0.7769161944527289
0.7769161944527289
0.949299135102893
0.949299135102893
0.39397554428869674
0.7464956755144647
0.13510289293170297
0.13510289293170297
-0.584252907843722
0.516254100805249
0.3575902177154787
0.3963614673426782
0.917685654637638
-0.2514166418133015
0.3575902177154787
0.9069490008947212
0.8013719057560393
0.2561884879212646
-0.6134804652549954
0.5764986579182821
0.18103191172084698
0.8693707127945124
0.7769161944527289
0.009245451834178353
0.222189084402028
0.31822248732478375
0.7560393677303907
0.3963614673426782
0.39397554428869674
0.949299135102893
0.3301521025946913
-0.9141067700566656
-0.27169698777214424
-0.7834774828511781
0.39397554428869674
0.2657321801371906
0.7769161944527289
0.8663883089770354
0.6039367730390695
-0.1380852967491799
0.3575902177154787
0.5472711005070087
0.3456606024455712
-0.3056963912913808
-0.15955860423501345
0.7751267521622428
0.3301521025946913
0.5532359081419624
0.9689830002982404
0.9761407694601849
0.949299135102893
0.7924246943036087
0.39397554428869674
-0.4798687742320311
0.3456606024455712
-0.18341783477482854
-0.404115717268118
0.6325678496868476
0.5317626006561289
0.7870563674321504
0.6689531762600656
0.74709215627796
-0.032508201610498055
0.3575902177154787
0.2657321801371906
0.949299135102893
-0.1380852967491799
0.9606322696093051
0.16910229645093944
0.3575902177154787
0.7769161944527289
0.06173575902177153
-0.1380852967491799
0.7954070981210856
-0.41664181330152106
0.7769161944527289
0.39397554428869674
0.3301521025946913
0.5532359081419624
-0.5502535043244856
0.9689830002982404
0.9761407694601849
0.8121085594989561
0.7769161944527289
-0.1380852967491799
0.949299135102893
0.8121085594989561
0.7870563674321504
0.3575902177154787
0.7262153295556218
0.8252311362958544
-0.15955860423501345
0.16910229645093944
0.7870563674321504
0.2657321801371906
0.3575902177154787
0.5317626006561289
-0.8985982702057858
0.5317626006561289
0.39397554428869674
0.2657321801371906
-0.1380852967491799
-0.0724724127646883
-0.15955860423501345
0.6761109454220102
0.16910229645093944
-0.5788845809722636
0.2728899492991351
0.3110647181628392
0.9725618848792127
-0.49120190873844316
0.6248135997614077
0.36951983298538627
-0.17029525797793021
0.8013719057560393
0.39397554428869674
-0.16969877721443494
-0.5550253504324485
0.6999701759618253
0.8717566358484938
0.8693707127945124
0.3575902177154787
-0.07068297047420224
0.5371309275275873
0.7954070981210856
0.5926036385326573
0.6146734267819862
0.03728004771846105
0.43871160155085
0.7441097524604832
-0.22934685356397266
0.9982105577095138
0.949299135102893
-0.1380852967491799
0.8663883089770354
0.8252311362958544
0.39397554428869674
-0.8335818669847896
0.8896510587533553
0.5991649269311065
0.4619743513271697
0.7572323292573815
0.516254100805249
0.3575902177154787
0.9236504622725917
0.009245451834178353
0.222189084402028
0.3301521025946913
0.7769161944527289
0.2657321801371906
0.39397554428869674
0.8013719057560393
0.9928422308380555
0.9725618848792127
-0.4929913510289292
-0.05398150909633159
0.222189084402028
-0.4440799284223085
-0.1380852967491799
0.7757232329257382
0.13510289293170297
0.25320608410378764
-0.5025350432448554
0.45839546674619747
0.0635252013122577
-0.35699373695198333
-0.1380852967491799
0.9325976737250223
-0.5711303310468236
-0.41664181330152106
0.9827020578586341
-0.10706829704742016
-0.12019087384431848
0.6534446764091858
0.4464658514762899
-0.6623918878616164
0.7769161944527289
-0.5419027736355502
0.8985982702057859
0.42081717864598867
-0.2365046227259171
0.2657321801371906
0.596779003877125
-0.7238294065016404
-0.8246346555323592
0.701163137488816
0.443483447658813
0.14941843125559195
-0.1154190277363556
0.2937667760214733
-0.8890545779898598
-0.41664181330152106
0.39397554428869674
-0.4512376975842529
0.2728899492991351
0.03071875932001189
0.49060542797494777
0.8896510587533553
-0.7858634059051595
0.8663883089770354
0.39397554428869674
0.9832985386221295
0.6444974649567552
-0.8526692514166418
0.8252311362958544
0.5764986579182821
0.8013719057560393
0.5532359081419624
0.9284223083805547
0.20727706531464363
0.7560393677303907
0.3301521025946913
0.949299135102893
0.16910229645093944
0.3575902177154787
0.39397554428869674
-0.18341783477482854
0.7924246943036087
0.625410080524903
0.3456606024455712
0.7924246943036087
0.046823739934387154
0.3575902177154787
-0.30390694900089477
0.3575902177154787
0.39397554428869674
0.033104682373993444
0.7870563674321504
0.9594393080823144
0.7954070981210856
0.41664181330152106
0.7888458097226364
0.7870563674321504
0.9964211154190278
0.6850581568744408
0.39397554428869674
0.06173575902177153
-0.1380852967491799
0.7954070981210856
0.3301521025946913
0.3719057560393677
0.7482851178049508
0.3301521025946913
-0.41664181330152106
0.949299135102893
0.9761407694601849
0.8681777512675216
-0.1380852967491799
0.6940053683268714
0.949299135102893
0.222189084402028
0.686847599164927
0.9123173277661796
0.22517148821950494
-0.3725022368028632
-0.443483447658813
0.20131225767968985
0.7769161944527289
0.2657321801371906
0.39397554428869674
0.6039367730390695
0.3999403519236505
0.7793021175067104
-0.1380852967491799
-0.17626006561288388
0.21861019982105578
-0.7291977333730988
0.528780196838652
0.3015210259469132
-0.31464360274381153
-0.293170295257978
0.7918282135401133
0.9325976737250223
0.8896510587533553
0.949299135102893
-0.5084998508798091
-0.8824932895914106
0.3963614673426782
0.6940053683268714
-0.1380852967491799
0.6999701759618253
0.3719057560393677
0.22517148821950494
0.39397554428869674
-0.5550253504324485
0.2657321801371906
0.7769161944527289
-0.1380852967491799
0.443483447658813
0.3575902177154787
0.1947509692812407
0.7560393677303907
0.009245451834178353
0.222189084402028
0.8896510587533553
-0.990456307784074
0.39397554428869674
0.39397554428869674
0.06173575902177153
-0.1380852967491799
0.7954070981210856
0.44467640918580376
0.6122875037280048
0.046823739934387154
-0.5550253504324485
0.22159260363853261
0.27527587235311657
-0.1434536236206383
0.16969877721443483
-0.1804354309573517
-0.1291380852967492
0.13510289293170297
-0.293170295257978
0.21503131524008345
0.3301521025946913
0.9982105577095138
0.949299135102893
0.7769161944527289
0.39397554428869674
0.1333134506412168
-0.1291380852967492
-0.1380852967491799
-0.5550253504324485
0.7769161944527289
0.949299135102893
0.39397554428869674
0.9761407694601849
0.686847599164927
0.788249328959141
0.7870563674321504
0.03071875932001189
-0.17029525797793021
-0.1434536236206383
-0.1380852967491799
0.5448851774530271
0.3301521025946913
0.8121085594989561
0.3719057560393677
0.8896510587533553
0.7793021175067104
0.3301521025946913
0.9689830002982404
0.9761407694601849
0.9982105577095138
0.949299135102893
0.3575902177154787
0.9982105577095138
0.949299135102893
0.9606322696093051
0.6260065612883985
0.3301521025946913
0.9689830002982404
0.9761407694601849
0.3575902177154787
-0.1380852967491799
0.3575902177154787
0.8693707127945124
0.5764986579182821
0.7751267521622428
0.9606322696093051
0.8896510587533553
0.39397554428869674
-0.5896212347151804
0.9403519236504623
0.7536534446764092
0.3963614673426782
0.7870563674321504
0.932001192961527
0.7924246943036087
0.7924246943036087
0.8121085594989561
0.9606322696093051
0.3575902177154787
0.39397554428869674
0.827617059349836
0.9606322696093051
0.32776617954070986
0.528780196838652
0.2657321801371906
0.7924246943036087
0.3575902177154787
0.06173575902177153
-0.1380852967491799
0.7954070981210856
0.3301521025946913
0.3719057560393677
0.3575902177154787
0.39397554428869674
0.14941843125559195
0.3301521025946913
0.9689830002982404
0.9761407694601849
0.949299135102893
0.7793021175067104
0.9689830002982404
0.9761407694601849
0.949299135102893
0.6403220996122875
0.5359379660005965
-0.17029525797793021
0.015210259469132126
0.9606322696093051
0.949299135102893
0.3575902177154787
0.39397554428869674
0.9117208470026842
-0.5550253504324485
0.3301521025946913
0.3301521025946913
0.9689830002982404
0.9761407694601849
0.9982105577095138
0.949299135102893
0.3301521025946913
-0.1380852967491799
0.2657321801371906
0.7769161944527289
0.14941843125559195
0.8681777512675216
0.949299135102893
0.7793021175067104
0.7954070981210856
0.8013719057560393
-0.24843423799582465
0.4530271398747391
-0.4005368326871459
0.9725618848792127
0.5424992543990457
-0.8866686549358782
0.625410080524903
0.9850879809126156
0.5532359081419624
0.3575902177154787
0.39397554428869674
0.8013719057560393
0.9832985386221295
0.949299135102893
0.8121085594989561
-0.1380852967491799
0.3575902177154787
-0.17029525797793021
-0.465553235908142
0.9761407694601849
0.3301521025946913
0.5532359081419624
0.949299135102893
0.7769161944527289
0.2657321801371906
-0.1380852967491799
0.6999701759618253
0.3719057560393677
0.2728899492991351
0.7536534446764092
0.949299135102893
-0.1291380852967492
0.2561884879212646
0.6653742916790933
-0.5550253504324485
0.20727706531464363
0.6850581568744408
0.7870563674321504
0.3575902177154787
0.5317626006561289
0.3575902177154787
0.06173575902177153
-0.1380852967491799
0.7954070981210856
0.516254100805249
0.2657321801371906
0.3575902177154787
0.7769161944527289
-0.1380852967491799
0.3301521025946913
0.9689830002982404
0.9761407694601849
0.9982105577095138
0.949299135102893
0.39397554428869674
0.8896510587533553
0.4619743513271697
0.949299135102893
0.3575902177154787
0.9606322696093051
0.8013719057560393
-0.17029525797793021
-0.11005070086489721
0.3575902177154787
0.9606322696093051
0.949299135102893
-0.29555621831195933
0.8013719057560393
-0.17029525797793021
0.5764986579182821
0.8693707127945124
0.8854756934088875
0.4619743513271697
-0.8240381747688637
0.7870563674321504
0.3963614673426782
-0.6176558305994633
0.7447062332239786
-0.24246943036087076
0.3575902177154787
0.8121085594989561
0.8896510587533553
-0.5699373695198331
0.18759320011929614
0.3575902177154787
0.3963614673426782
0.21503131524008345
-0.4834476588130032
0.74709215627796
0.8663883089770354
0.6850581568744408
0.3575902177154787
-0.1291380852967492
0.8252311362958544
-0.37966000596480765
0.3301521025946913
-0.5502535043244856
0.8121085594989561
0.7769161944527289
0.16910229645093944
-0.04563077840739638
0.7614076946018491
0.7035490605427974
0.13510289293170297
-0.4094840441395764
0.39397554428869674
0.3575902177154787
0.5991649269311065
-0.1380852967491799
0.5317626006561289
0.19654041157172686
0.5764986579182821
0.7816880405606919
0.8896510587533553
0.7596182523113629
0.7924246943036087
0.7578288100208768
0.9982105577095138
0.7769161944527289
0.7870563674321504
0.3575902177154787
0.949299135102893
-0.5550253504324485
0.39397554428869674
-0.5711303310468236
0.5926036385326573
-0.1380852967491799
0.3301521025946913
0.5317626006561289
0.6653742916790933
0.16731285416045327
0.4900089472114524
-0.6850581568744407
-0.17029525797793021
-0.5502535043244856
-0.02415747092156284
0.7870563674321504
0.7381449448255294
0.7870563674321504
-0.5502535043244856
-0.02415747092156284
0.3575902177154787
0.9606322696093051
0.7757232329257382
0.3719057560393677
-0.07008648971070675
0.4768863704145542
0.3301521025946913
0.3909931404712198
0.06173575902177153
-0.1380852967491799
0.22875037280047716
0.13510289293170297
0.3575902177154787
0.8896510587533553
0.9606322696093051
-0.3915896212347152
0.949299135102893
0.8556516552341187
-0.677303906949001
0.3301521025946913
-0.06889352818371597
0.5926036385326573
0.9689830002982404
0.9761407694601849
0.5532359081419624
0.39397554428869674
0.8013719057560393
0.046823739934387154
-0.9129138085296749
0.13510289293170297
0.949299135102893
0.5663584849388608
0.9534745004473606
0.9606322696093051
0.737548464062034
-0.6850581568744407
0.7017596182523114
0.625410080524903
0.7107068297047421
-0.16969877721443494
0.39397554428869674
0.046823739934387154
-0.1291380852967492
0.3301521025946913
0.49060542797494777
0.3575902177154787
0.222189084402028
0.14941843125559195
0.21503131524008345
0.3301521025946913
0.9982105577095138
0.949299135102893
0.7769161944527289
0.39397554428869674
0.1333134506412168
-0.1291380852967492
-0.1380852967491799
0.3301521025946913
-0.4470623322397853
-0.06889352818371597
-0.1380852967491799
0.8681777512675216
0.8675812705040262
0.7924246943036087
0.8121085594989561
-0.1380852967491799
0.3575902177154787
0.22517148821950494
-0.1291380852967492
0.8693707127945124
0.3575902177154787
0.949299135102893
0.9325976737250223
0.8121085594989561
-0.10587533552042938
0.3963614673426782
-0.1380852967491799
0.21503131524008345
0.3301521025946913
-0.4237995824634655
0.3963614673426782
0.5663584849388608
0.3301521025946913
0.9689830002982404
0.9761407694601849
0.9982105577095138
0.949299135102893
0.3301521025946913
0.9689830002982404
0.9761407694601849
0.9982105577095138
-0.1380852967491799
0.5532359081419624
0.9982105577095138
0.7107068297047421
0.39397554428869674
0.8013719057560393
-0.7858634059051595
-0.17029525797793021
-0.49120190873844316
0.3301521025946913
0.9689830002982404
0.9761407694601849
0.3575902177154787
-0.1380852967491799
0.39397554428869674
-0.5550253504324485
-0.16969877721443494
-0.17029525797793021
0.5424992543990457
-0.5126752162242767
0.4279749478079332
0.5317626006561289
0.7870563674321504
-0.03668356695496566
-0.13450641216820758
0.7870563674321504
0.2657321801371906
0.9325976737250223
0.8896510587533553
0.4619743513271697
0.949299135102893
0.3575902177154787
0.39397554428869674
0.9606322696093051
-0.17029525797793021
-0.6689531762600656
0.3575902177154787
0.9606322696093051
0.949299135102893
-0.29555621831195933
0.8013719057560393
-0.17029525797793021
0.5764986579182821
0.8693707127945124
0.8854756934088875
0.4619743513271697
-0.8240381747688637
0.7870563674321504
-0.9057560393677304
-0.01699970175961818
-0.9331941544885178
-0.011631374888159796
0.5764986579182821
0.3575902177154787
0.8121085594989561
0.9606322696093051
0.8896510587533553
-0.1291380852967492
0.949299135102893
0.2728899492991351
0.4762898896510588
0.9761407694601849
-0.5550253504324485
-0.16969877721443494
-0.17029525797793021
-0.4482552937667761
0.8013719057560393
0.9302117506710409
0.922457500745601
0.8693707127945124
0.9236504622725917
0.7447062332239786
0.16910229645093944
0.8717566358484938
-0.36594094840441405
0.7793021175067104
0.8896510587533553
0.9606322696093051
0.8121085594989561
0.7769161944527289
-0.1380852967491799
0.2657321801371906
-0.1291380852967492
0.39397554428869674
0.13510289293170297
0.6546376379361766
-0.10945422010140171
0.3289591410677005
0.3575902177154787
0.38801073665374297
0.3110647181628392
0.5532359081419624
0.9689830002982404
0.9761407694601849
0.949299135102893
-0.5084998508798091
-0.1380852967491799
0.26215329555621836
0.5764986579182821
0.5764986579182821
-0.1291380852967492
0.949299135102893
0.9689830002982404
-0.17029525797793021
-0.15955860423501345
0.9606322696093051
0.16910229645093944
0.9397554428869669
-0.32299433343274675
0.9606322696093051
0.6940053683268714
0.34148523710110346
-0.5323590814196242
-0.1011034894124665
0.1941544885177453
-0.5281837160751566
0.9397554428869669
0.6033402922755742
-0.8872651356993737
0.968386519534745
0.9862809424396063
0.5621831195943932
0.2728899492991351
-0.40650164032209957
0.9982105577095138
0.7769161944527289
0.8252311362958544
0.7870563674321504
0.2657321801371906
-0.17745302713987465
0.39397554428869674
-0.1380852967491799
-0.16671637339695788
0.8013719057560393
0.42081717864598867
0.3009245451834178
0.39397554428869674
0.2657321801371906
0.7769161944527289
-0.38920369818073364
0.9982105577095138
-0.16671637339695788
0.20489114226066207
0.13152400835073064
-0.3206084103787652
-0.4088875633760811
0.6874440799284223
0.27587235311661196
0.5478675812705041
-0.08022666269012824
-0.2549955263942738
0.13510289293170297
0.2728899492991351
-0.26274977631971375
0.1518043543095735
0.555621831195944
0.6862511184014315
0.7238294065016404
-0.9129138085296749
0.06173575902177153
-0.1380852967491799
0.949299135102893
0.8681777512675216
0.39397554428869674
0.7769161944527289
0.3301521025946913
0.949299135102893
0.06173575902177153
0.05577095138681776
-0.4929913510289292
-0.6850581568744407
0.3593796600059648
0.7793021175067104
0.3575902177154787
0.949299135102893
0.9606322696093051
0.14941843125559195
0.8663883089770354
0.5764986579182821
0.03071875932001189
0.7208470026841635
0.16910229645093944
0.12257679689830003
0.686847599164927
-0.3402922755741127
0.7888458097226364
0.2657321801371906
0.3575902177154787
0.39397554428869674
0.9236504622725917
0.6039367730390695
0.06173575902177153
0.3963614673426782
-0.1380852967491799
0.7954070981210856
0.21503131524008345
0.9689830002982404
0.9761407694601849
0.949299135102893
0.24664479570533848
-0.27169698777214424
-0.7834774828511781
0.39397554428869674
0.2657321801371906
0.7769161944527289
0.8663883089770354
0.6039367730390695
-0.1380852967491799
0.3575902177154787
0.5472711005070087
0.3456606024455712
-0.3056963912913808
-0.15955860423501345
0.7751267521622428
0.16910229645093944
0.516254100805249
0.3575902177154787
0.222189084402028
0.19773337309871752
0.7793021175067104
0.7870563674321504
0.8896510587533553
0.9606322696093051
0.6999701759618253
0.2728899492991351
0.39397554428869674
-0.37966000596480765
0.2657321801371906
0.7769161944527289
0.14941843125559195
0.4619743513271697
0.7816880405606919
0.5764986579182821
0.9982105577095138
-0.4100805249030719
0.949299135102893
0.8681777512675216
-0.5550253504324485
-0.5502535043244856
-0.06531464360274386
0.03071875932001189
-0.7870563674321502
-0.9129138085296749
-0.31225767968983
-0.5717268118103191
0.2508201610498061
0.7214434834476589
0.36057262153295555
0.6671637339695795
0.7626006561288399
0.5371309275275873
0.7954070981210856
0.5926036385326573
0.6146734267819862
0.03728004771846105
0.43871160155085
0.7441097524604832
-0.22934685356397266
0.9982105577095138
0.949299135102893
0.5532359081419624
0.3575902177154787
0.39397554428869674
0.8013719057560393
0.9832985386221295
-0.1380852967491799
0.8681777512675216
0.9689830002982404
0.9761407694601849
0.5359379660005965
0.1380852967491798
-0.46853563972561885
0.025350432448553506
0.6940053683268714
0.6015508499850879
-0.15955860423501345
0.3575902177154787
0.39397554428869674
0.9594393080823144
0.8896510587533553
-0.1380852967491799
0.8663883089770354
0.8252311362958544
0.39397554428869674
-0.8335818669847896
0.8896510587533553
0.5991649269311065
0.4619743513271697
0.7572323292573815
0.4888159856844617
-0.15955860423501345
0.2728899492991351
-0.1291380852967492
0.8663883089770354
-0.3402922755741127
-0.6427080226662689
-0.1380852967491799
0.3575902177154787
-0.5711303310468236
0.8121085594989561
0.8693707127945124
-0.5502535043244856
-0.1380852967491799
0.39397554428869674
0.2657321801371906
0.49060542797494777
0.42081717864598867
0.9606322696093051
0.4894124664479571
0.32716969877721447
-0.8765284819564569
-0.08320906650760507
0.40172979421413657
0.3301521025946913
0.8121085594989561
0.7345660602445572
0.2275574112734864
0.3635550253504325
0.3301521025946913
0.949299135102893
0.16910229645093944
0.3575902177154787
0.39397554428869674
-0.18341783477482854
0.7924246943036087
0.625410080524903
0.3456606024455712
0.949299135102893
0.5383238890545781
0.68386519534745
0.7942141365940949
0.8830897703549061
-0.36951983298538615
0.5049209662988369
-0.7602147330748583
-0.8729495973754846
0.6176558305994632
0.3432746793915896
-0.22099612287503723
0.8729495973754846
-0.022964509394572064
0.9516850581568744
0.3432746793915896
-0.22099612287503723
0.6271995228153893
0.4935878317924247
-0.514464658514763
0.3969579481061736
0.39397554428869674
0.8013719057560393
0.7769161944527289
0.2657321801371906
0.932001192961527
0.3301521025946913
-0.4470623322397853
-0.06889352818371597
-0.1380852967491799
0.8681777512675216
-0.1380852967491799
-0.17506710408589332
0.8723531166119893
0.3963614673426782
-0.606322696093051
0.007456009543692188
-0.5729197733373099
0.8896510587533553
0.3575902177154787
0.9606322696093051
0.9397554428869669
-0.1380852967491799
-0.9033701163137489
0.5896212347151804
0.39397554428869674
0.3301521025946913
0.9689830002982404
0.9761407694601849
0.9982105577095138
0.949299135102893
0.9606322696093051
0.8896510587533553
0.7793021175067104
-0.5550253504324485
-0.16969877721443494
0.0867879510885774
0.44467640918580376
0.686847599164927
0.39397554428869674
0.4661497166716373
0.2132418729495974
0.7041455413062929
0.4619743513271697
0.8896510587533553
0.7769161944527289
0.2657321801371906
-0.1380852967491799
0.3301521025946913
0.9689830002982404
0.9761407694601849
0.8121085594989561
0.7345660602445572
0.443483447658813
-0.1380852967491799
0.949299135102893
0.2657321801371906
0.3575902177154787
0.39397554428869674
0.14941843125559195
0.3301521025946913
0.22636444974649572
0.9117208470026842
0.9242469430360871
0.3677303906949001
0.8693707127945124
0.3575902177154787
0.949299135102893
0.9325976737250223
0.8121085594989561
-0.10587533552042938
0.3963614673426782
-0.15955860423501345
0.7870563674321504
0.3575902177154787
0.7560393677303907
0.8252311362958544
0.949299135102893
-0.5502535043244856
0.3575902177154787
0.39397554428869674
-0.1380852967491799
0.3963614673426782
-0.5502535043244856
0.3575902177154787
0.39397554428869674
-0.1380852967491799
0.3963614673426782
0.3301521025946913
0.9940351923650462
0.7924246943036087
0.4566060244557113
0.949299135102893
0.8121085594989561
-0.10945422010140171
0.1995228153892037
0.49060542797494777
-0.1380852967491799
0.8896510587533553
-0.990456307784074
-0.900387712496272
-0.5132716969877722
-0.5126752162242767
0.5419027736355502
-0.9707724425887265
0.7107068297047421
0.1386817775126752
-0.6427080226662689
0.2728899492991351
0.5764986579182821
0.9725618848792127
-0.49120190873844316
0.6248135997614077
0.36951983298538627
-0.17029525797793021
0.8013719057560393
0.39397554428869674
-0.16969877721443494
-0.5550253504324485
0.6999701759618253
0.8717566358484938
0.8693707127945124
0.3575902177154787
-0.07068297047420224
0.9606322696093051
0.3575902177154787
0.39397554428869674
0.949299135102893
0.3301521025946913
0.8121085594989561
0.9606322696093051
0.3575902177154787
0.005666567253206134
-0.5395168505815688
0.822845213241873
0.9093349239487026
-0.07843722039964218
0.1983298538622129
0.2728899492991351
0.3689233522218909
0.16254100805249028
0.8920369818073367
0.03071875932001189
0.2931702952579779
0.8335818669847898
0.9576498657918282
0.46316731285416046
-0.9481061735759022
-0.3164330450342976
-0.7637936176558306
-0.5419027736355502
0.7906352520131226
-0.5174470623322398
-0.13450641216820758
0.11124366239188788
0.990456307784074
-0.5597971965404116
0.8896510587533553
-0.1380852967491799
0.9689830002982404
0.14941843125559195
0.7107068297047421
0.5323590814196242
0.7924246943036087
0.7888458097226364
0.3719057560393677
0.3575902177154787
0.39397554428869674
0.9302117506710409
0.516254100805249
0.7572323292573815
0.6653742916790933
0.7560393677303907
-0.1380852967491799
-0.8335818669847896
-0.5550253504324485
0.7769161944527289
0.9982105577095138
0.8013719057560393
0.3719057560393677
0.16910229645093944
0.3575902177154787
0.9302117506710409
0.7637936176558306
0.9689830002982404
0.949299135102893
0.3301521025946913
-0.1380852967491799
0.7793021175067104
0.6725320608410379
0.8419325976737251
0.949299135102893
0.217417238294065
-0.22397852669251406
-0.1291380852967492
0.5764986579182821
0.8013719057560393
-0.03668356695496566
0.8896510587533553
0.7041455413062929
0.13510289293170297
0.16313748881598567
0.8896510587533553
0.9218610199821056
0.949299135102893
0.1428571428571429
0.8580375782881002
0.39397554428869674
0.8013719057560393
0.5532359081419624
0.05577095138681776
0.26215329555621836
-0.1893826424097822
-0.4470623322397853
-0.5759021771547868
-0.16731285416045338
0.7124962719952281
0.8443185207277065
-0.19773337309871764
0.8317924246943036
0.8896510587533553
0.9218610199821056
-0.5592007157769161
0.8121085594989561
0.9606322696093051
0.3575902177154787
-0.4613778705636744
0.6134804652549954
-0.6892335222189085
-0.7894422904861318
-0.050402624515359484
0.13510289293170297
-0.8777214434834477
-0.053385028332836315
0.4977631971368923
-0.5723232925738144
-0.17208470026841627
-0.8413361169102296
-0.5645690426483745
0.34208171786459884
0.6725320608410379
0.8419325976737251
0.949299135102893
0.217417238294065
0.9689830002982404
0.9761407694601849
0.9982105577095138
-0.5084998508798091
-0.8824932895914106
0.3719057560393677
0.8634059051595586
0.7816880405606919
-0.1380852967491799
0.7870563674321504
0.6546376379361766
-0.5550253504324485
0.2657321801371906
0.7769161944527289
-0.16969877721443494
0.2728899492991351
0.647479868774232
-0.17029525797793021
-0.6749179838950194
0.6480763495377274
0.5317626006561289
0.19654041157172686
0.9982105577095138
-0.29495973754846405
0.1333134506412168
0.39397554428869674
0.8013719057560393
0.705934983596779
-0.3402922755741127
-0.08201610498061429
-0.4017297942141367
0.9105278854756934
0.43155383238890543
-0.4142558902475395
0.7560393677303907
0.922457500745601
0.7208470026841635
0.8019683865195347
0.38502833283626603
-0.030122278556516502
-0.5043244855353415
0.9236504622725917
-0.07008648971070675
0.39397554428869674
0.8013719057560393
0.5532359081419624
-0.17029525797793021
0.2657321801371906
0.7769161944527289
0.14941843125559195
-0.2078735460781389
0.9302117506710409
0.657023560990158
-0.9695794810617357
0.12376975842529081
0.6367432150313153
-0.35102892931702945
0.10706829704742027
0.9689830002982404
0.949299135102893
0.7035490605427974
0.8985982702057859
-0.08380554727110057
-0.1380852967491799
0.3301521025946913
0.48643006263048016
-0.4804652549955264
0.7924246943036087
0.046823739934387154
-0.17029525797793021
-0.5502535043244856
0.21503131524008345
-0.03668356695496566
0.8013719057560393
0.3301521025946913
0.9606322696093051
-0.1380852967491799
0.39397554428869674
0.7870563674321504
0.7578288100208768
-0.7124962719952281
0.949299135102893
0.39397554428869674
0.8013719057560393
-0.1380852967491799
0.9689830002982404
0.9761407694601849
0.25678496868475986
0.949299135102893
0.5359379660005965
0.9982105577095138
0.868774232031017
0.13510289293170297
0.3575902177154787
-0.9129138085296749
0.932001192961527
0.7769161944527289
0.2657321801371906
0.7572323292573815
0.3575902177154787
0.949299135102893
0.8896510587533553
0.7924246943036087
0.7596182523113629
0.4619743513271697
0.5764986579182821
-0.7703549060542798
0.6653742916790933
0.2657321801371906
0.024753951685058118
-0.6850581568744407
-0.5532359081419624
0.9039665970772442
0.9230539815090963
0.9606322696093051
0.3575902177154787
0.22517148821950494
-0.6242171189979122
0.5609901580674024
0.5764986579182821
0.9218610199821056
0.7924246943036087
0.8663883089770354
0.8860721741723829
-0.615866388308977
0.949299135102893
-0.1380852967491799
0.3301521025946913
0.39397554428869674
0.8013719057560393
0.046823739934387154
-0.43513271696987776
0.8896510587533553
0.22517148821950494
0.949299135102893
0.8121085594989561
0.3575902177154787
0.5764986579182821
0.016403220996122903
0.8395466746197435
-0.7393379063525201
0.949299135102893
0.8121085594989561
0.9606322696093051
0.39397554428869674
-0.8019683865195348
-0.08022666269012824
0.025946913212048894
0.6653742916790933
0.016403220996122903
-0.37011631374888165
-0.04742022069788243
0.258574410975246
0.2561884879212646
0.7870563674321504
-0.4142558902475395
0.2842230838055473
0.8341783477482851
0.43155383238890543
-0.7095138681777513
0.12555920071577686
0.13510289293170297
-0.08917387414255895
0.7769161944527289
0.9606322696093051
0.949299135102893
0.3301521025946913
-0.1291380852967492
-0.1380852967491799
0.2657321801371906
0.39397554428869674
0.3575902177154787
0.5532359081419624
0.3575902177154787
-0.1291380852967492
-0.09871756635848494
0.222189084402028
0.7709513868177751
0.6695496570235611
0.8854756934088875
0.5764986579182821
0.39397554428869674
0.8013719057560393
0.2728899492991351
0.3301521025946913
0.9689830002982404
0.9761407694601849
0.9982105577095138
0.949299135102893
-0.7739337906352519
0.6940053683268714
-0.1380852967491799
0.949299135102893
0.3575902177154787
0.9606322696093051
0.7870563674321504
0.7924246943036087
0.2728899492991351
0.8896510587533553
0.2657321801371906
0.5126752162242767
-0.41246644795705345
-0.1380852967491799
0.7954070981210856
0.5764986579182821
0.9325976737250223
0.21503131524008345
-0.03668356695496566
0.7769161944527289
0.3719057560393677
0.6558305994631672
0.3719057560393677
0.7482851178049508
0.3301521025946913
-0.41664181330152106
0.949299135102893
0.8896510587533553
0.3575902177154787
0.39397554428869674
0.2657321801371906
0.7769161944527289
-0.10945422010140171
0.8121085594989561
0.3301521025946913
-0.5502535043244856
-0.1291380852967492
0.7560393677303907
0.009245451834178353
0.7769161944527289
0.16910229645093944
0.2657321801371906
0.3575902177154787
0.39397554428869674
0.9236504622725917
0.42081717864598867
0.33373098717566363
0.9594393080823144
0.9982105577095138
0.2657321801371906
0.3575902177154787
0.9302117506710409
0.3963614673426782
0.14941843125559195
0.3301521025946913
0.9689830002982404
0.9761407694601849
0.9982105577095138
0.949299135102893
0.39397554428869674
0.7870563674321504
0.03071875932001189
-0.6271995228153893
-0.1380852967491799
-0.14941843125559195
0.8013719057560393
-0.17029525797793021
0.5317626006561289
0.6653742916790933
0.19654041157172686
0.2657321801371906
0.7769161944527289
0.1333134506412168
-0.1804354309573517
-0.584252907843722
0.528780196838652
0.7757232329257382
-0.4577989859827021
-0.31225767968983
-0.5717268118103191
0.2508201610498061
0.7214434834476589
0.8562481359976141
0.05099910527885476
0.6862511184014315
-0.1380852967491799
0.9701759618252311
-0.7136892335222189
-0.37488815985684454
-0.8628094243960631
0.8252311362958544
-0.17745302713987465
-0.8681777512675217
0.9713689233522219
0.8168804056069192
0.9773337309871757
-0.4947807933194155
0.3575902177154787
0.39397554428869674
0.2657321801371906
0.7769161944527289
0.8663883089770354
-0.7291977333730988
-0.20071577691619447
0.2317327766179541
0.3719057560393677
0.3963614673426782
0.6940053683268714
-0.1380852967491799
-0.1380852967491799
0.6999701759618253
0.3719057560393677
0.2728899492991351
0.7536534446764092
0.1428571428571429
0.1518043543095735
0.555621831195944
0.5532359081419624
0.3575902177154787
0.39397554428869674
0.8013719057560393
0.9832985386221295
-0.17029525797793021
0.9982105577095138
0.949299135102893
0.4369221592603638
0.9606322696093051
0.39397554428869674
0.3575902177154787
0.5663584849388608
-0.7256188487921265
0.6856546376379362
0.28481956456904267
0.06650760512973453
0.3301521025946913
0.9689830002982404
0.9761407694601849
0.949299135102893
0.7793021175067104
-0.06949000894721147
-0.6021473307485834
0.5532359081419624
-0.17029525797793021
0.43990456307784076
0.8013719057560393
0.6248135997614077
0.4112734864300627
0.949299135102893
-0.1380852967491799
0.7107068297047421
-0.16969877721443494
0.9976140769460184
0.6910229645093946
-0.17029525797793021
0.9982105577095138
0.5317626006561289
0.19654041157172686
0.9832985386221295
0.26155681479272297
-0.6850581568744407
-0.03787652848195644
0.6266030420518938
0.7464956755144647
0.6039367730390695
0.949299135102893
0.8121085594989561
0.7870563674321504
0.3456606024455712
-0.9129138085296749
0.9982105577095138
0.4619743513271697
0.7870563674321504
0.3575902177154787
-0.38323889054578
0.3575902177154787
-0.5472711005070086
0.39397554428869674
-0.11303310468237404
0.7870563674321504
0.9982105577095138
0.788249328959141
0.949299135102893
0.3301521025946913
0.39397554428869674
0.3575902177154787
0.011631374888159907
0.5764986579182821
-0.1380852967491799
0.9761407694601849
0.3575902177154787
0.7107068297047421
-0.16969877721443494
0.39397554428869674
0.8013719057560393
-0.17029525797793021
0.5317626006561289
-0.1291380852967492
0.9982105577095138
0.7464956755144647
0.8872651356993737
0.39397554428869674
-0.6951983298538622
0.13510289293170297
0.7888458097226364
0.2657321801371906
0.3575902177154787
0.39397554428869674
0.9236504622725917
0.949299135102893
0.9761407694601849
0.7924246943036087
0.39397554428869674
-0.1380852967491799
0.927229346853564
0.3575902177154787
0.9982105577095138
0.949299135102893
0.9606322696093051
0.6260065612883985
0.3301521025946913
0.39397554428869674
0.06173575902177153
-0.1380852967491799
0.7954070981210856
0.3575902177154787
0.8896510587533553
0.949299135102893
0.3301521025946913
-0.06889352818371597
0.5926036385326573
0.5532359081419624
0.9689830002982404
0.16910229645093944
0.516254100805249
0.3575902177154787
0.06173575902177153
0.3963614673426782
0.949299135102893
0.3575902177154787
0.8896510587533553
-0.1380852967491799
0.7339695794810617
0.3301521025946913
-0.5084998508798091
-0.8824932895914106
-0.1380852967491799
0.949299135102893
-0.15955860423501345
0.4619743513271697
0.3575902177154787
0.7560393677303907
-0.1380852967491799
0.2728899492991351
0.3963614673426782
0.6940053683268714
0.5025350432448554
-0.5419027736355502
-0.6433045034297644
0.3575902177154787
0.8896510587533553
-0.6027438115120787
0.07127945123769763
0.728004771846108
0.6152699075454817
0.2275574112734864
0.28481956456904267
-0.7190575603936773
0.003877124962719969
0.44885177453027136
-0.15657620041753662
-0.3528183716075157
-0.26155681479272297
0.6779003877124963
0.949299135102893
0.8121085594989561
-0.08917387414255895
0.2657321801371906
-0.09454220101401734
0.7256188487921265
0.3575902177154787
0.39397554428869674
0.8013719057560393
-0.5550253504324485
0.9302117506710409
-0.29018789144050094
-0.2281538920369819
-0.1380852967491799
0.7816880405606919
0.5764986579182821
0.949299135102893
0.5782881002087683
-0.23471518043543105
-0.6850581568744407
-0.002684163435729303
0.3575902177154787
0.8896510587533553
0.3301521025946913
0.8425290784372204
0.9606322696093051
0.3575902177154787
0.9606322696093051
0.8896510587533553
0.39397554428869674
-0.5550253504324485
0.3301521025946913
0.9689830002982404
0.9761407694601849
0.9982105577095138
0.949299135102893
0.3301521025946913
0.9689830002982404
0.9761407694601849
0.9982105577095138
0.949299135102893
0.949299135102893
-0.4929913510289292
0.4900089472114524
-0.8729495973754846
0.33790635252013124
0.39397554428869674
0.8013719057560393
0.7107068297047421
-0.16969877721443494
0.9982105577095138
-0.028332836266030448
0.8681777512675216
0.8121085594989561
0.9606322696093051
0.046823739934387154
0.2699075454816582
0.5926036385326573
0.949299135102893
0.9761407694601849
0.3301521025946913
0.3575902177154787
-0.1380852967491799
0.39397554428869674
-0.16969877721443494
-0.5550253504324485
0.9982105577095138
0.14941843125559195
0.046823739934387154
0.009245451834178353
0.7560393677303907
0.8037578288100209
0.9218610199821056
0.8896510587533553
-0.9964211154190277
-0.2740829108261258
-0.6433045034297644
0.949299135102893
0.39397554428869674
0.2657321801371906
0.7769161944527289
-0.21861019982105567
0.8538622129436326
0.8526692514166418
0.1327169698777214
-0.7441097524604832
0.8848792126453922
0.9457202505219207
0.7399343871160156
-0.9129138085296749
0.7870563674321504
0.6546376379361766
-0.8574410975246047
0.7083209066507605
-0.7798985982702058
0.2728899492991351
0.3301521025946913
0.9689830002982404
0.9761407694601849
0.9982105577095138
0.949299135102893
0.949299135102893
0.9761407694601849
0.3301521025946913
0.3575902177154787
-0.1380852967491799
0.39397554428869674
-0.16969877721443494
-0.5550253504324485
0.9982105577095138
0.14941843125559195
0.046823739934387154
0.009245451834178353
0.7560393677303907
0.8037578288100209
0.3450641216820758
0.3725022368028631
0.3301521025946913
0.6576200417536535
0.8675812705040262
0.3575902177154787
-0.1380852967491799
-0.18341783477482854
0.29436325678496866
0.16910229645093944
0.9015806740232628
0.5281837160751566
0.39397554428869674
-0.17745302713987465
0.8252311362958544
0.8663883089770354
0.3301521025946913
0.7924246943036087
0.7345660602445572
-0.4577989859827021
0.5025350432448554
-0.5502535043244856
0.4619743513271697
0.2657321801371906
0.39397554428869674
0.5764986579182821
0.9606322696093051
0.949299135102893
0.3575902177154787
0.2657321801371906
-0.1380852967491799
0.3301521025946913
0.5532359081419624
0.21503131524008345
0.9761407694601849
0.949299135102893
0.7769161944527289
0.2657321801371906
0.3575902177154787
0.2728899492991351
-0.17029525797793021
0.2657321801371906
0.7769161944527289
-0.5550253504324485
0.7769161944527289
-0.44885177453027136
-0.1291380852967492
0.8663883089770354
-0.887861616462869
0.39397554428869674
0.8013719057560393
0.5317626006561289
-0.15955860423501345
-0.6880405606919178
0.7870563674321504
0.788249328959141
0.5532359081419624
0.42081717864598867
-0.13152400835073075
0.2842230838055473
0.28183716075156573
0.5311661198926334
0.9982105577095138
0.4369221592603638
-0.17029525797793021
-0.49120190873844316
0.786459886668655
0.6403220996122875
0.4136594094840441
-0.4929913510289292
0.2699075454816582
-0.5550253504324485
-0.16969877721443494
0.39397554428869674
-0.17626006561288388
0.47390396659707723
-0.43572919773337304
0.769161944527289
-0.9958246346555324
0.791231732776618
-0.9236504622725916
0.4011333134506412
0.2657321801371906
0.7769161944527289
0.9976140769460184
0.39397554428869674
0.8013719057560393
-0.1291380852967492
0.8896510587533553
0.5764986579182821
-0.1380852967491799
0.7464956755144647
0.8872651356993737
0.4518341783477483
-0.8830897703549061
0.9087384431852072
0.6266030420518938
0.6546376379361766
0.16313748881598567
0.5532359081419624
-0.19773337309871764
0.21503131524008345
-0.15955860423501345
0.805547271100507
0.7769161944527289
0.30927527587235315
0.3301521025946913
0.5532359081419624
0.21503131524008345
0.9761407694601849
0.9982105577095138
0.7769161944527289
0.7870563674321504
0.2657321801371906
0.3575902177154787
0.39397554428869674
0.3575902177154787
0.7572323292573815
0.8013719057560393
-0.1380852967491799
0.3301521025946913
0.7769161944527289
0.2657321801371906
0.39397554428869674
0.8013719057560393
0.9928422308380555
0.9725618848792127
-0.4929913510289292
-0.05398150909633159
0.222189084402028
-0.4440799284223085
-0.1380852967491799
0.39397554428869674
0.3575902177154787
0.3301521025946913
0.3021175067104086
-0.9045630778407396
-0.1380852967491799
-0.05398150909633159
0.6260065612883985
0.7870563674321504
0.39397554428869674
0.2728899492991351
0.7536534446764092
0.7924246943036087
0.3575902177154787
0.06173575902177153
-0.1380852967491799
0.7954070981210856
0.3575902177154787
0.9302117506710409
0.39397554428869674
0.046823739934387154
-0.5084998508798091
0.39397554428869674
0.06173575902177153
-0.1380852967491799
0.7954070981210856
0.949299135102893
0.5424992543990457
0.39397554428869674
0.03071875932001189
0.3575902177154787
0.7888458097226364
0.3575902177154787
0.39397554428869674
0.3963614673426782
0.9862809424396063
0.3575902177154787
-0.1380852967491799
0.949299135102893
0.7769161944527289
0.2657321801371906
0.3575902177154787
0.2728899492991351
0.7769161944527289
0.2657321801371906
-0.44467640918580376
0.39397554428869674
0.2728899492991351
0.3575902177154787
0.949299135102893
0.3951685058156874
-0.1380852967491799
0.8896510587533553
-0.028332836266030448
-0.12078735460781398
0.514464658514763
0.39397554428869674
0.3575902177154787
0.6248135997614077
0.8013719057560393
-0.8234416940053684
0.7572323292573815
-0.17626006561288388
0.22517148821950494
0.5621831195943932
0.8795108857739338
0.222189084402028
-0.4291679093349239
-0.3170295257977931
-0.1380852967491799
0.06173575902177153
0.7954070981210856
0.39397554428869674
0.06173575902177153
-0.1380852967491799
0.7954070981210856
0.44467640918580376
0.6122875037280048
0.046823739934387154
-0.5550253504324485
0.22159260363853261
0.27527587235311657
-0.1434536236206383
0.16969877721443483
-0.1804354309573517
-0.1291380852967492
0.13510289293170297
-0.293170295257978
0.3719057560393677
0.16910229645093944
0.2657321801371906
0.3575902177154787
0.9302117506710409
-0.1380852967491799
0.2728899492991351
0.6940053683268714
0.3575902177154787
0.3963614673426782
0.9218610199821056
0.8896510587533553
-0.9964211154190277
-0.2740829108261258
-0.6433045034297644
0.949299135102893
0.39397554428869674
0.2657321801371906
0.7769161944527289
-0.21861019982105567
0.8538622129436326
0.8526692514166418
0.1327169698777214
-0.7441097524604832
0.8848792126453922
0.9457202505219207
0.7399343871160156
-0.9129138085296749
0.7870563674321504
0.6546376379361766
-0.8574410975246047
0.7083209066507605
-0.7798985982702058
0.2728899492991351
0.949299135102893
0.8121085594989561
0.7870563674321504
0.3456606024455712
-0.9129138085296749
0.949299135102893
-0.1380852967491799
0.9606322696093051
0.3301521025946913
-0.10945422010140171
0.8896510587533553
-0.6433045034297644
0.3575902177154787
0.8252311362958544
0.18759320011929614
-0.5896212347151804
0.5419027736355502
-0.7620041753653444
0.10229645093945716
0.3301521025946913
0.949299135102893
0.7870563674321504
-0.17745302713987465
0.7793021175067104
0.949299135102893
0.7924246943036087
0.3575902177154787
0.2657321801371906
0.7769161944527289
0.14941843125559195
0.046823739934387154
0.39397554428869674
0.8013719057560393
0.9761407694601849
-0.4929913510289292
-0.1380852967491799
0.8681777512675216
-0.06889352818371597
-0.6850581568744407
0.22517148821950494
0.9606322696093051
0.8121085594989561
0.03071875932001189
-0.15955860423501345
0.3575902177154787
0.39397554428869674
0.9594393080823144
0.8896510587533553
0.21503131524008345
0.9689830002982404
0.9761407694601849
0.949299135102893
0.24664479570533848
0.3021175067104086
-0.3194154488517744
0.39397554428869674
0.13510289293170297
-0.13212048911422603
0.7757232329257382
0.1619445272889949
-0.14822546972860118
0.03071875932001189
0.9761407694601849
0.5532359081419624
0.8013719057560393
-0.5550253504324485
0.7769161944527289
0.7793021175067104
0.7954070981210856
0.3301521025946913
0.949299135102893
0.8121085594989561
-0.1380852967491799
-0.31225767968983
0.5508499850879809
0.6940053683268714
0.14941843125559195
-0.5025350432448554
0.3575902177154787
0.39397554428869674
0.39397554428869674
0.3575902177154787
-0.1291380852967492
-0.6313748881598569
-0.02356099015806734
-0.5550253504324485
0.7769161944527289
0.5764986579182821
0.9236504622725917
0.9982105577095138
-0.9033701163137489
0.046823739934387154
0.7405308678795108
-0.949299135102893
0.7870563674321504
0.5532359081419624
0.1100507008648971
0.7572323292573815
0.3301521025946913
-0.06889352818371597
0.5926036385326573
0.9982105577095138
0.949299135102893
0.39397554428869674
-0.1380852967491799
-0.5550253504324485
0.7769161944527289
-0.4697286012526096
0.949299135102893
0.8681777512675216
-0.1380852967491799
0.4100805249030719
-0.6093050999105278
0.2657321801371906
-0.5550253504324485
0.9761407694601849
0.686847599164927
-0.31225767968983
-0.05398150909633159
-0.960632269609305
-0.1893826424097822
-0.7703549060542798
0.046823739934387154
0.8013719057560393
0.9982105577095138
-0.8729495973754846
0.5532359081419624
0.3575902177154787
0.3963614673426782
0.21503131524008345
-0.4834476588130032
0.74709215627796
0.7536534446764092
0.8956158663883089
-0.15955860423501345
0.49060542797494777
0.6260065612883985
-0.4291679093349239
-0.3170295257977931
-0.1380852967491799
0.06173575902177153
0.7954070981210856
0.3301521025946913
0.949299135102893
0.528780196838652
0.3575902177154787
0.8896510587533553
0.7793021175067104
0.16910229645093944
0.8121085594989561
0.9606322696093051
0.949299135102893
0.22517148821950494
-0.40650164032209957
0.2728899492991351
0.7924246943036087
0.4989561586638831
0.9606322696093051
0.949299135102893
0.3575902177154787
0.5764986579182821
0.9761407694601849
-0.8813003280644198
0.16910229645093944
0.3247837757232329
-0.7572323292573815
0.8717566358484938
0.9218610199821056
0.932001192961527
-0.19773337309871764
0.2728899492991351
-0.03370116313748883
0.7924246943036087
0.949299135102893
0.9606322696093051
0.9689830002982404
0.9761407694601849
0.949299135102893
0.7769161944527289
0.2657321801371906
0.3301521025946913
0.8425290784372204
0.7924246943036087
0.24306591112436626
0.3719057560393677
0.3301521025946913
0.949299135102893
0.06173575902177153
-0.1380852967491799
0.7954070981210856
0.3301521025946913
0.949299135102893
0.06173575902177153
-0.1380852967491799
0.7954070981210856
0.13510289293170297
0.3575902177154787
-0.10945422010140171
0.2657321801371906
0.7572323292573815
-0.41664181330152106
0.3963614673426782
0.5764986579182821
-0.1380852967491799
0.8896510587533553
0.8121085594989561
0.9606322696093051
0.949299135102893
0.1995228153892037
-0.03668356695496566
0.3301521025946913
-0.1380852967491799
0.06173575902177153
0.7954070981210856
0.949299135102893
0.39397554428869674
0.5317626006561289
-0.17029525797793021
0.5991649269311065
0.8896510587533553
0.21145243065911123
0.3301521025946913
0.7924246943036087
-0.5502535043244856
0.949299135102893
0.705934983596779
0.516254100805249
0.3402922755741128
-0.2084700268416344
0.9105278854756934
0.506710408589323
0.28541604533253806
0.7637936176558306
0.5532359081419624
-0.09633164330450339
0.1947509692812407
0.9594393080823144
-0.09633164330450339
0.222189084402028
0.009245451834178353
0.7560393677303907
0.8854756934088875
0.9302117506710409
0.18103191172084698
-0.7608112138383538
0.7637936176558306
0.5317626006561289
0.8013719057560393
0.028929317029525836
0.23531166119892633
0.932001192961527
0.43155383238890543
0.8699671935580078
0.04384133611691021
-0.5329555621831197
0.3856248135997614
0.1386817775126752
0.8484938860721742
0.3062928720548762
-0.3068893528183716
0.788249328959141
0.12615568147927225
-0.2657321801371906
0.23531166119892633
0.01043841336116913
0.6433045034297644
0.5764986579182821
0.30390694900089477
0.42081717864598867
-0.8061437518640024
0.9397554428869669
0.4094840441395765
0.5413062928720549
-0.9248434237995824
-0.20190873844318524
0.14882195049209668
0.9314047121980316
0.2872054876230241
0.8502833283626603
-0.2985386221294364
0.9170891738741426
0.2036981807336713
0.949299135102893
0.3301521025946913
-0.17029525797793021
0.7041455413062929
-0.15955860423501345
0.39397554428869674
0.3575902177154787
-0.6635848493886072
-0.15955860423501345
0.949299135102893
0.21145243065911123
0.7769161944527289
0.2657321801371906
0.3301521025946913
0.9689830002982404
0.9761407694601849
0.949299135102893
0.2657321801371906
0.9982105577095138
0.7572323292573815
0.9982105577095138
0.7345660602445572
-0.8735460781389801
0.7107068297047421
0.394572025052192
0.2657321801371906
0.7769161944527289
0.39397554428869674
-0.1380852967491799
0.8425290784372204
0.9976140769460184
0.7870563674321504
0.3301521025946913
-0.11243662391887854
0.32716969877721447
0.9689830002982404
-0.44944825529376686
0.9606322696093051
0.3575902177154787
0.39397554428869674
-0.1380852967491799
0.8896510587533553
0.2657321801371906
-0.5001491201908739
-0.9719654041157173
0.17685654637637938
-0.08977035490605423
0.353414852371011
0.6850581568744408
0.932001192961527
0.7870563674321504
0.3301521025946913
0.949299135102893
0.8121085594989561
0.7769161944527289
0.5079033701163138
0.9606322696093051
-0.011034894124664518
-0.1380852967491799
0.3301521025946913
-0.6194452728899493
0.3301521025946913
-0.1380852967491799
0.7769161944527289
0.2657321801371906
-0.5084998508798091
0.7572323292573815
0.6248135997614077
0.9606322696093051
-0.011034894124664518
-0.1380852967491799
0.3301521025946913
-0.6194452728899493
0.3301521025946913
0.9689830002982404
0.949299135102893
-0.1380852967491799
0.8681777512675216
0.3301521025946913
0.949299135102893
0.3575902177154787
-0.1380852967491799
0.348643006263048
0.10826125857441093
-0.10945422010140171
0.5019385624813599
0.9445272889949299
0.3450641216820758
0.10826125857441093
-0.10945422010140171
0.5019385624813599
0.9445272889949299
0.3450641216820758
0.5532359081419624
-0.5502535043244856
-0.02415747092156284
0.9982105577095138
0.7769161944527289
0.7924246943036087
-0.17029525797793021
0.4566060244557113
0.5764986579182821
0.8896510587533553
0.3575902177154787
-0.1291380852967492
0.6468833880107366
0.39397554428869674
0.7769161944527289
0.5764986579182821
0.9982105577095138
0.49060542797494777
0.5079033701163138
0.39397554428869674
0.3110647181628392
0.3575902177154787
0.3719057560393677
0.6999701759618253
0.3963614673426782
-0.1380852967491799
0.3575902177154787
0.3719057560393677
0.6999701759618253
0.3963614673426782
-0.1380852967491799
0.3575902177154787
0.8121085594989561
0.9606322696093051
0.8896510587533553
-0.1380852967491799
0.9594393080823144
0.2728899492991351
-0.7291977333730988
0.7870563674321504
-0.41664181330152106
0.932001192961527
0.7924246943036087
0.9021771547867581
0.7924246943036087
0.18162839248434237
0.9755442886966895
0.14941843125559195
0.7816880405606919
-0.15955860423501345
-0.05756039367730392
0.32716969877721447
-0.1434536236206383
0.45362362063823447
0.6862511184014315
0.226960930509991
-0.6677602147330748
0.6301819266328661
0.6564270802266627
0.954070981210856
-0.8061437518640024
0.7769161944527289
0.39397554428869674
-0.3056963912913808
0.5896212347151804
0.2657321801371906
0.3575902177154787
0.949299135102893
0.9606322696093051
0.8121085594989561
0.8896510587533553
0.2657321801371906
0.39397554428869674
0.8013719057560393
0.7769161944527289
0.3301521025946913
0.7107068297047421
0.3575902177154787
0.39397554428869674
0.2728899492991351
0.3110647181628392
0.949299135102893
0.9606322696093051
0.7769161944527289
0.7870563674321504
0.2657321801371906
0.5764986579182821
0.2657321801371906
0.7769161944527289
0.39397554428869674
0.3575902177154787
-0.1291380852967492
0.5532359081419624
0.8252311362958544
0.8896510587533553
-0.17029525797793021
0.3301521025946913
-0.15955860423501345
0.9982105577095138
0.8896510587533553
-0.1380852967491799
-0.17029525797793021
0.5317626006561289
0.949299135102893
0.8121085594989561
0.3575902177154787
0.7345660602445572
0.16910229645093944
0.7870563674321504
0.3575902177154787
0.8896510587533553
0.7924246943036087
0.7769161944527289
0.8634059051595586
0.2657321801371906
0.3575902177154787
0.8896510587533553
0.9218610199821056
0.9397554428869669
-0.1380852967491799
0.39397554428869674
0.5419027736355502
-0.27587235311661207
0.32716969877721447
0.22517148821950494
-0.9170891738741425
0.7924246943036087
0.7769161944527289
0.8634059051595586
0.2657321801371906
0.3575902177154787
0.8896510587533553
0.9218610199821056
0.9397554428869669
-0.1380852967491799
0.39397554428869674
0.5419027736355502
-0.27587235311661207
0.32716969877721447
0.22517148821950494
-0.9170891738741425
0.949299135102893
0.9606322696093051
0.7769161944527289
0.7870563674321504
0.2657321801371906
0.7345660602445572
0.16910229645093944
0.7870563674321504
0.3575902177154787
0.8896510587533553
0.3575902177154787
0.8121085594989561
0.9606322696093051
0.8896510587533553
-0.1380852967491799
0.9594393080823144
0.2728899492991351
-0.7291977333730988
0.7870563674321504
-0.41664181330152106
0.932001192961527
0.7924246943036087
0.9021771547867581
0.7924246943036087
0.18162839248434237
0.9755442886966895
0.14941843125559195
0.7816880405606919
-0.15955860423501345
-0.05756039367730392
0.32716969877721447
-0.1434536236206383
0.45362362063823447
0.6862511184014315
0.226960930509991
-0.6677602147330748
0.6301819266328661
0.6564270802266627
0.954070981210856
-0.8061437518640024
0.7769161944527289
0.39397554428869674
-0.3056963912913808
0.5896212347151804
0.2657321801371906
0.3575902177154787
0.3719057560393677
0.6999701759618253
0.3963614673426782
-0.1380852967491799
0.8896510587533553
-0.1380852967491799
0.8079331941544885
0.3575902177154787
0.9606322696093051
0.8013719057560393
-0.5550253504324485
-0.17029525797793021
0.046823739934387154
0.3301521025946913
0.949299135102893
0.06173575902177153
-0.1380852967491799
0.7954070981210856
-0.6850581568744407
0.39397554428869674
-0.17029525797793021
0.9761407694601849
0.26155681479272297
-0.8753355204294662
0.3301521025946913
0.949299135102893
0.06173575902177153
-0.1380852967491799
0.7954070981210856
-0.6850581568744407
0.39397554428869674
-0.17029525797793021
0.9761407694601849
0.26155681479272297
-0.8753355204294662
0.3593796600059648
0.949299135102893
0.2657321801371906
0.39397554428869674
0.14941843125559195
0.3593796600059648
0.949299135102893
0.2657321801371906
0.39397554428869674
0.14941843125559195
0.686847599164927
-0.6850581568744407
0.3301521025946913
0.949299135102893
0.8013719057560393
0.7572323292573815
0.7769161944527289
0.39397554428869674
-0.05398150909633159
0.2657321801371906
0.5824634655532359
-0.4005368326871459
0.3575902177154787
0.9606322696093051
0.14941843125559195
0.39397554428869674
0.516254100805249
0.3575902177154787
0.8896510587533553
0.949299135102893
0.9606322696093051
0.8121085594989561
0.39397554428869674
0.2657321801371906
0.7769161944527289
0.3575902177154787
0.3450641216820758
0.3725022368028631
0.7536534446764092
0.222189084402028
0.9689830002982404
0.9761407694601849
0.2657321801371906
0.3575902177154787
0.5359379660005965
0.9689830002982404
0.9761407694601849
0.2657321801371906
0.3575902177154787
0.5359379660005965
-0.1380852967491799
0.3301521025946913
0.6039367730390695
0.3719057560393677
0.39397554428869674
-0.17029525797793021
0.949299135102893
0.7954070981210856
-0.6558305994631672
-0.1154190277363556
-0.05398150909633159
-0.6850581568744407
0.13092752758723536
-0.026543393975544394
-0.3874142558902476
-0.4249925439904563
-0.32359081419624225
0.7107068297047421
0.222189084402028
0.8985982702057859
0.528780196838652
-0.3337309871756635
-0.2036981807336713
-0.48106173575902167
0.3593796600059648
-0.1154190277363556
0.949299135102893
0.14941843125559195
0.348643006263048
-0.9660005964807634
0.39397554428869674
-0.07903370116313746
0.22576796898300033
-0.13689233522218913
-0.8270205785863405
0.6987772144348345
0.05577095138681776
-0.31225767968983
0.7954070981210856
-0.6558305994631672
-0.1154190277363556
-0.05398150909633159
-0.6850581568744407
0.13092752758723536
-0.026543393975544394
-0.3874142558902476
-0.4249925439904563
-0.32359081419624225
0.7107068297047421
0.222189084402028
0.8985982702057859
0.528780196838652
-0.3337309871756635
-0.2036981807336713
-0.48106173575902167
0.3593796600059648
-0.1154190277363556
0.949299135102893
0.14941843125559195
0.348643006263048
-0.9660005964807634
0.39397554428869674
-0.07903370116313746
0.22576796898300033
-0.13689233522218913
-0.8270205785863405
0.6987772144348345
0.05577095138681776
-0.31225767968983
0.7781091559797196
0.9606322696093051
0.3575902177154787
0.596779003877125
0.45839546674619747
-0.1380852967491799
0.443483447658813
-0.41664181330152106
0.39397554428869674
0.949299135102893
0.8121085594989561
0.2657321801371906
0.3575902177154787
0.8896510587533553
-0.41664181330152106
0.14941843125559195
0.3301521025946913
-0.1380852967491799
0.009245451834178353
0.14941843125559195
0.9594393080823144
0.42201014017297944
0.009245451834178353
-0.1380852967491799
0.949299135102893
-0.1380852967491799
-0.08917387414255895
0.19355800775424992
-0.7113033104682374
0.3301521025946913
0.9689830002982404
0.9761407694601849
0.5359379660005965
0.06173575902177153
-0.2591708917387414
0.222189084402028
0.009245451834178353
0.41664181330152106
-0.6021473307485834
0.4768863704145542
-0.20668058455114813
0.516254100805249
0.3575902177154787
0.7560393677303907
-0.09633164330450339
0.3301521025946913
0.9689830002982404
0.9761407694601849
0.5359379660005965
0.06173575902177153
-0.2591708917387414
0.8121085594989561
0.9606322696093051
0.949299135102893
0.9761407694601849
0.625410080524903
0.6576200417536535
0.28601252609603345
0.06173575902177153
-0.1380852967491799
0.7954070981210856
0.9689830002982404
0.9761407694601849
0.949299135102893
0.737548464062034
0.1333134506412168
0.8681777512675216
0.5764986579182821
0.2657321801371906
0.39397554428869674
0.5532359081419624
0.9982105577095138
0.42081717864598867
0.686847599164927
0.9689830002982404
0.9761407694601849
0.949299135102893
0.737548464062034
0.1333134506412168
0.8681777512675216
0.5764986579182821
0.2657321801371906
0.39397554428869674
0.5532359081419624
0.9982105577095138
0.42081717864598867
0.686847599164927
-0.10945422010140171
0.4768863704145542
0.8962123471518043
0.6212347151804354
0.596779003877125
0.949299135102893
0.06173575902177153
0.1333134506412168
-0.1380852967491799
0.22875037280047716
-0.41664181330152106
0.9761407694601849
0.14166418133015213
-0.39815090963316435
0.3301521025946913
-0.6021473307485834
0.949299135102893
0.7793021175067104
-0.6850581568744407
-0.002684163435729303
-0.05398150909633159
0.222189084402028
0.625410080524903
0.7954070981210856
-0.4410975246048314
0.23889054577989854
0.9642111541902774
0.686847599164927
0.3301521025946913
-0.6021473307485834
0.949299135102893
0.7793021175067104
-0.6850581568744407
-0.002684163435729303
-0.05398150909633159
0.222189084402028
0.625410080524903
0.7954070981210856
-0.4410975246048314
0.23889054577989854
0.9642111541902774
0.686847599164927
0.39397554428869674
0.949299135102893
-0.1380852967491799
0.2657321801371906
0.7769161944527289
0.046823739934387154
0.5532359081419624
-0.6838651953474499
0.8252311362958544
-0.960632269609305
0.009245451834178353
0.3301521025946913
-0.17029525797793021
-0.5126752162242767
0.015210259469132126
-0.625410080524903
0.19296152699075453
0.13510289293170297
0.8759320011929616
-0.25738144944825536
0.6850581568744408
-0.40650164032209957
0.2728899492991351
0.42081717864598867
0.7238294065016404
0.8675812705040262
0.7924246943036087
0.2275574112734864
-0.40650164032209957
0.4762898896510588
0.3456606024455712
0.8121085594989561
-0.8789144050104385
0.07187593200119291
0.13510289293170297
-0.6928124067998807
0.528780196838652
0.15597971965404112
-0.6951983298538622
0.37429167909334926
0.06889352818371608
0.8121085594989561
0.7769161944527289
0.3719057560393677
0.16910229645093944
0.9785266925141665
-0.5985684461676111
0.8121085594989561
0.9606322696093051
0.3575902177154787
0.2657321801371906
-0.1291380852967492
0.7769161944527289
0.39397554428869674
0.8013719057560393
0.7769161944527289
0.8538622129436326
0.19236504622725914
-0.5419027736355502
-0.014613778705636848
0.4810617357590218
0.2728899492991351
0.8210557709513868
0.6999701759618253
-0.34625708320906656
0.16910229645093944
-0.6069191768565463
0.0014912019087384154

