0.528780196838652
-0.5991649269311066
0.02415747092156273
0.032508201610498055
0.21861019982105578
0.13510289293170297
0.9707724425887265
0.37429167909334926
0.7757232329257382
0.20131225767968985
0.38860721741723825
-0.3450641216820758
-0.34267819862809423
0.3963614673426782
-0.484640620339994
-0.2973456606024456
-0.1380852967491799
0.9045630778407396
-0.2645392186101998
0.13510289293170297
0.9075454816582165
-0.03489412466447961
-0.17447062332239782
0.3719057560393677
0.3450641216820758
0.3725022368028631
0.1333134506412168
-0.1380852967491799
0.3719057560393677
0.3450641216820758
0.3725022368028631
0.1333134506412168
-0.1380852967491799
0.7536534446764092
0.7781091559797196
-0.10945422010140171
0.596779003877125
0.45839546674619747
0.6576200417536535
0.528780196838652
0.13510289293170297
-0.32359081419624225
0.8759320011929616
0.7924246943036087
-0.2782582761705934
-0.4977631971368923
0.3456606024455712
0.3110647181628392
-0.36474798687742327
-0.01759618252311368
0.2084700268416344
0.13510289293170297
0.7757232329257382
0.9528780196838652
0.20190873844318524
0.9164926931106472
0.93677303906949
-0.1052788547569341
0.8109155979719654
0.5568147927229347
0.6099015806740233
-0.1804354309573517
0.1333134506412168
-0.34208171786459896
0.5663584849388608
0.12019087384431848
0.5562183119594393
0.41246644795705334
0.8985982702057859
0.555621831195944
-0.2543990456307783
-0.39874739039665963
0.00029824038174763867
-0.5627796003578884
-0.1380852967491799
0.5013420817178647
-0.21682075753056962
-0.7387414255890248
-0.36474798687742327
-0.01759618252311368
0.2084700268416344
0.13510289293170297
0.7757232329257382
0.9528780196838652
0.20190873844318524
0.9164926931106472
0.93677303906949
-0.1052788547569341
0.8109155979719654
0.5568147927229347
0.6099015806740233
-0.1804354309573517
0.1333134506412168
-0.34208171786459896
0.5663584849388608
0.12019087384431848
0.5562183119594393
0.41246644795705334
0.8985982702057859
0.555621831195944
-0.2543990456307783
-0.39874739039665963
0.00029824038174763867
-0.5627796003578884
-0.1380852967491799
0.5013420817178647
-0.21682075753056962
-0.7387414255890248
0.5949895615866388
0.17268118103191177
0.528780196838652
0.49657023560990154
-0.6522517148821951
-0.05457798985982709
0.5592007157769162
-0.035490605427974886
-0.343871160155085
0.6307784073963615
0.8138980017894423
-0.6271995228153893
0.8651953474500447
0.9528780196838652
-0.2693110647181629
0.20190873844318524
0.48702654339397555
0.9164926931106472
-0.38980017894422914
-0.1052788547569341
0.6373396957948105
0.1333134506412168
0.26752162242767674
-0.1380852967491799
0.555621831195944
0.1518043543095735
0.6856546376379362
0.9844915001491202
0.014017297942141349
0.5848493886072175
0.1333134506412168
-0.34208171786459896
0.7047420220697882
-0.8419325976737251
0.6236206382344169
0.38920369818073364
0.4745004473605726
0.13510289293170297
0.5323590814196242
-0.26692514166418135
-0.26692514166418135
-0.4762898896510588
-0.6564270802266627
0.35222189084402034
-0.45839546674619736
-0.9821055770951386
-0.12078735460781398
-0.4100805249030719
0.7464956755144647
0.7536534446764092
0.3623620638234417
0.7035490605427974
-0.17506710408589332
0.7995824634655533
0.596779003877125
0.7781091559797196
0.7536534446764092
-0.10945422010140171
0.9528780196838652
0.07008648971070686
0.5180435430957351
0.1333134506412168
-0.6761109454220102
0.6516552341186996
0.5436922159260364
0.5705338502833284
-0.8162839248434237
-0.34208171786459896
-0.9856844616761109
0.8926334625708321
0.222189084402028
0.18640023859230537
0.5693408887563376
0.6862511184014315
-0.8944229048613181
0.7536534446764092
0.9164926931106472
-0.6212347151804354
0.9421413659409484
-0.7214434834476589
0.715478675812705
0.8759320011929616
0.10766477781091555
0.4237995824634656
-0.34745004473605734
-0.9123173277661796
0.28959141067700567
0.8681777512675216
0.429167909334924
-0.3826424097822845
0.1333134506412168
0.32836266030420513
-0.222189084402028
0.11840143155383243
0.9063525201312258
-0.45839546674619736
-0.9821055770951386
-0.12078735460781398
0.6784968684759917
-0.1380852967491799
0.479868774232031
0.8759320011929616
0.6576200417536535
0.9528780196838652
0.11661198926334626
-0.696391291380853
0.3963614673426782
-0.5717268118103191
0.2508201610498061
0.7214434834476589
0.16313748881598567
0.6940053683268714
0.3963614673426782
-0.5717268118103191
0.2508201610498061
0.7214434834476589
0.16313748881598567
0.6940053683268714
-0.1380852967491799
0.6576200417536535
0.6844616761109454
0.25678496868475986
0.014017297942141349
0.307485833581867
0.9164926931106472
0.06173575902177153
0.7536534446764092
-0.8061437518640024
-0.2645392186101998
-0.1380852967491799
0.34088875633760807
0.090963316433045
0.47271100507008645
-0.05219206680584554
0.528780196838652
-0.24724127646883387
0.1571726811810319
-0.4762898896510588
-0.2800477184610797
-0.5932001192961527
-0.45839546674619736
-0.41783477482851183
-0.12078735460781398
-0.4577989859827021
0.528780196838652
0.21861019982105578
-0.09871756635848494
-0.1380852967491799
0.8759320011929616
-0.1380852967491799
0.4756934088875634
0.5031315240083507
0.3719057560393677
-0.31225767968983
0.7536534446764092
0.555621831195944
0.3719057560393677
-0.1380852967491799
0.1333134506412168
-0.8419325976737251
0.2937667760214733
0.8926334625708321
0.13510289293170297
0.7536534446764092
0.555621831195944
0.3719057560393677
-0.1380852967491799
0.1333134506412168
-0.8419325976737251
0.2937667760214733
0.8926334625708321
0.13510289293170297
-0.2555920071577691
0.7548464062033999
0.7536534446764092
0.3158365642708023
0.29138085296749183
-0.1380852967491799
0.9397554428869669
0.8896510587533553
0.3575902177154787
0.6862511184014315
-0.31225767968983
0.13510289293170297
0.528780196838652
0.21861019982105578
0.9528780196838652
0.7757232329257382
0.20190873844318524
0.48702654339397555
0.6862511184014315
0.3021175067104086
0.9164926931106472
0.819862809424396
0.6671637339695795
0.5562183119594393
0.7966000596480763
-0.698180733671339
0.8985982702057859
-0.1380852967491799
0.555621831195944
0.8759320011929616
0.24843423799582465
-0.9182821354011332
-0.07784073963614668
-0.17626006561288388
0.40769460184909034
0.1333134506412168
-0.34208171786459896
0.25678496868475986
0.25738144944825525
-0.4756934088875633
0.42081717864598867
-0.4762898896510588
0.3301521025946913
0.06173575902177153
-0.1380852967491799
0.7954070981210856
0.7793021175067104
-0.4995526394273784
0.4327467939158962
-0.7888458097226365
0.3450641216820758
0.2776617954070981
0.42081717864598867
-0.07903370116313746
0.8747390396659708
0.528780196838652
-0.5633760811213839
0.5663584849388608
0.7536534446764092
0.14166418133015213
0.9528780196838652
0.05934983596779009
0.03071875932001189
0.528780196838652
0.7035490605427974
-0.4577989859827021
0.8985982702057859
-0.1380852967491799
-0.8156874440799284
0.09334923948702656
0.8759320011929616
0.6576200417536535
0.9994035192365046
-0.07903370116313746
0.1619445272889949
-0.13033104682373997
-0.584252907843722
-0.5263942737846705
-0.555621831195944
-0.3969579481061736
0.9439308082314345
-0.12436623918878609
0.13510289293170297
0.3719057560393677
-0.31225767968983
-0.5717268118103191
0.2508201610498061
0.7214434834476589
0.788249328959141
0.2728899492991351
0.528780196838652
0.21861019982105578
-0.09871756635848494
-0.1380852967491799
0.8759320011929616
0.1333134506412168
-0.34208171786459896
0.8174768863704145
-0.677303906949001
-0.1380852967491799
0.9397554428869669
0.8896510587533553
0.3575902177154787
0.6862511184014315
-0.31225767968983
0.7035490605427974
0.8985982702057859
0.9164926931106472
0.555621831195944
0.6576200417536535
-0.1380852967491799
0.9761407694601849
0.5705338502833284
0.35102892931702956
0.3021175067104086
0.3450641216820758
-0.07903370116313746
0.3963614673426782
-0.12078735460781398
0.5323590814196242
-0.8144944825529377
-0.13689233522218913
0.3999403519236505
0.24485535341485232
0.42081717864598867
-0.5711303310468236
-0.8914405010438413
0.8347748285117805
0.40650164032209957
0.302713987473904
-0.48165821652251717
-0.5890247539516851
-0.2889949299135104
0.9665970772442589
-0.1380852967491799
0.2657321801371906
-0.41664181330152106
0.39397554428869674
0.3963614673426782
0.37966000596480765
0.8985982702057859
-0.1291380852967492
-0.2042946614971668
-0.8836862511184014
0.44527288994929914
-0.18818968088279142
-0.2543990456307783
0.555621831195944
-0.657023560990158
-0.2406799880703847
0.46734267819862807
-0.2842230838055473
0.9141067700566656
-0.5311661198926334
0.800775424992544
0.3116611989263346
0.6683566954965703
0.49060542797494777
0.7757232329257382
0.5174470623322398
-0.6164628690724725
0.22517148821950494
0.47271100507008645
0.1333134506412168
0.9570533850283328
0.5663584849388608
0.448255293766776
0.615866388308977
0.6391291380852968
0.6576200417536535
-0.2776617954070981
0.9606322696093051
-0.10945422010140171
0.49060542797494777
0.8651953474500447
0.6576200417536535
0.528780196838652
0.5341485237101103
-0.1339099314047123
0.737548464062034
0.7536534446764092
0.528780196838652
-0.8061437518640024
0.30032806441992244
0.8759320011929616
0.8383537130927528
-0.8651953474500447
-0.1380852967491799
0.6576200417536535
0.39397554428869674
0.8681777512675216
-0.1380852967491799
0.528780196838652
-0.41664181330152106
0.7793021175067104
-0.15001491201908745
0.44527288994929914
0.11661198926334626
0.5705338502833284
0.7536534446764092
0.8985982702057859
-0.5770951386817775
0.528780196838652
0.2657321801371906
-0.25260960334029225
0.3623620638234417
-0.1380852967491799
0.7190575603936773
0.14941843125559195
0.307485833581867
0.9164926931106472
0.06173575902177153
0.7536534446764092
-0.8061437518640024
0.528780196838652
0.4518341783477483
0.21861019982105578
0.1333134506412168
-0.1380852967491799
-0.41723829406501634
0.21085594989561585
-0.5478675812705041
0.06471816283924847
0.6856546376379362
0.6576200417536535
0.5323590814196242
0.307485833581867
-0.31225767968983
0.528780196838652
0.9689830002982404
0.528780196838652
0.06173575902177153
-0.1380852967491799
0.7954070981210856
0.6576200417536535
-0.11064718162839249
0.0068595287801968
0.9791231732776617
0.822845213241873
0.528780196838652
0.3963614673426782
-0.1380852967491799
0.07903370116313746
-0.07784073963614668
-0.19713689233522214
0.7536534446764092
0.9164926931106472
-0.8431255592007159
0.555621831195944
0.4768863704145542
0.3623620638234417
0.8962123471518043
0.21503131524008345
0.5037280047718461
-0.1380852967491799
-0.10945422010140171
-0.7620041753653444
-0.8705636743215031
0.5019385624813599
0.1428571428571429
0.37429167909334926
0.9528780196838652
-0.1380852967491799
0.34685356397256184
-0.990456307784074
0.0820161049806144
0.7035490605427974
-0.7506710408589323
0.7351625410080525
0.13510289293170297
-0.04264837458991955
0.1011034894124665
0.7035490605427974
-0.7506710408589323
0.7351625410080525
0.13510289293170297
-0.04264837458991955
0.1011034894124665
0.7870563674321504
0.788249328959141
0.7035490605427974
0.9868774232031017
-0.9540709812108559
0.7870563674321504
0.788249328959141
0.7035490605427974
0.9868774232031017
-0.9540709812108559
-0.1380852967491799
0.49179838950193855
0.9164926931106472
-0.2227855651655235
0.7303906949000895
0.6862511184014315
0.8759320011929616
0.528780196838652
0.7035490605427974
0.8985982702057859
0.3301521025946913
0.25678496868475986
0.7226364449746496
0.3575902177154787
0.13510289293170297
0.16313748881598567
0.25678496868475986
0.7226364449746496
0.3575902177154787
0.13510289293170297
0.16313748881598567
-0.8162839248434237
0.3587831792424694
0.5705338502833284
0.1333134506412168
0.805547271100507
0.7918282135401133
0.7608112138383537
0.6283924843423799
-0.1804354309573517
0.03071875932001189
0.7077244258872651
0.42081717864598867
0.22517148821950494
0.222189084402028
-0.6164628690724725
-0.9838950193856248
0.07008648971070686
0.4613778705636743
-0.5711303310468236
0.14941843125559195
0.788249328959141
0.9534745004473606
-0.09633164330450339
0.3963614673426782
-0.8914405010438413
0.9606322696093051
-0.5007456009543692
0.5025350432448554
-0.1380852967491799
-0.990456307784074
0.23471518043543094
0.13510289293170297
-0.21562779600357884
0.13510289293170297
-0.07903370116313746
0.13510289293170297
-0.07903370116313746
0.2227855651655234
0.07127945123769763
0.5323590814196242
0.08977035490605423
0.3719057560393677
0.3963614673426782
0.514464658514763
-0.12257679689830003
-0.07903370116313746
0.42141365940948405
0.8985982702057859
0.2734864300626305
-0.05696391291380842
0.5019385624813599
0.8216522517148822
-0.8944229048613181
-0.2543990456307783
-0.7697584252907843
0.03071875932001189
0.3826424097822845
0.3719057560393677
0.3021175067104086
0.528780196838652
0.4649567551446466
0.555621831195944
0.9528780196838652
0.04563077840739638
0.47211452430659107
0.4524306591112437
-0.6391291380852968
0.8121085594989561
0.528780196838652
0.788249328959141
-0.1380852967491799
0.7536534446764092
0.30927527587235315
-0.4577989859827021
0.4983596779003877
0.5019385624813599
0.4768863704145542
0.3623620638234417
0.8962123471518043
0.21503131524008345
0.5037280047718461
-0.1380852967491799
-0.10945422010140171
-0.10945422010140171
0.4768863704145542
0.596779003877125
0.7536534446764092
0.6212347151804354
-0.1380852967491799
0.21682075753056962
-0.08141962421711901
0.9284223083805547
0.528780196838652
-0.07784073963614668
-0.22875037280047716
0.6039367730390695
0.7918282135401133
0.8449150014912019
-0.4566060244557113
-0.2543990456307783
-0.40650164032209957
-0.5955860423501342
0.9498956158663883
0.15299731583656428
0.07008648971070686
-0.4762898896510588
0.42201014017297944
0.8538622129436326
0.06949000894721147
-0.7500745600954368
0.5204294661497166
0.42201014017297944
0.8538622129436326
0.06949000894721147
-0.7500745600954368
0.5204294661497166
0.37429167909334926
0.9677900387712496
0.07187593200119291
-0.1804354309573517
0.905159558604235
0.8765284819564569
0.7757232329257382
0.5252013122576797
-0.40650164032209957
0.00029824038174763867
0.2937667760214733
0.8675812705040262
-0.1052788547569341
-0.2543990456307783
-0.3963614673426783
0.01342081717864596
0.688637041455413
0.8985982702057859
0.9677900387712496
-0.1804354309573517
-0.546078138980018
0.3498359677900388
0.7757232329257382
-0.6140769460184909
0.6719355800775425
0.8807038473009245
0.9361765583059947
0.1518043543095735
-0.2543990456307783
0.26632866090068597
-0.40650164032209957
-0.40650164032209957
-0.42201014017297944
0.20668058455114824
0.1333134506412168
0.307485833581867
-0.584252907843722
0.6307784073963615
0.8675812705040262
0.7757232329257382
0.9009841932597674
-0.22875037280047716
0.2883984491500149
-0.1380852967491799
0.16313748881598567
0.06173575902177153
0.7954070981210856
0.8759320011929616
0.3719057560393677
0.7536534446764092
0.6576200417536535
-0.43930808231434537
-0.6462869072472412
-0.55741127348643
0.8282135401133314
-0.5627796003578884
-0.8473009245451835
0.5949895615866388
-0.20310169997017602
-0.5371309275275873
-0.1380852967491799
-0.2180137190575604
0.5949895615866388
-0.20310169997017602
-0.5371309275275873
-0.1380852967491799
-0.2180137190575604
0.5949895615866388
0.14345362362063818
0.8669847897405308
0.528780196838652
-0.16075156576200422
-0.15955860423501345
0.06173575902177153
0.3963614673426782
-0.1380852967491799
0.7954070981210856
-0.15955860423501345
0.06173575902177153
0.3963614673426782
-0.1380852967491799
0.7954070981210856
-0.1380852967491799
0.03071875932001189
0.3999403519236505
-0.15240083507306879
-0.4864300626304803
0.3719057560393677
0.6403220996122875
0.06173575902177153
-0.1380852967491799
0.22875037280047716
0.06173575902177153
0.3963614673426782
0.6940053683268714
-0.1380852967491799
-0.9773337309871757
0.8962123471518043
-0.10945422010140171
0.4768863704145542
0.8097226364449747
-0.17268118103191177
0.596779003877125
-0.1380852967491799
0.9206680584551148
-0.1380852967491799
0.4768863704145542
0.08440202803459584
0.06173575902177153
0.7954070981210856
0.053385028332836315
-0.025350432448553617
0.9743513271696987
0.2740829108261259
-0.7035490605427974
0.569937369519833
0.7029525797793021
0.5937966000596481
-0.21145243065911123
0.16552341186996722
0.1750671040858932
0.8604235013420818
0.29555621831195944
-0.29913510289293166
-0.27229346853563974
0.8598270205785863
0.053385028332836315
-0.025350432448553617
0.9743513271696987
0.2740829108261259
-0.7035490605427974
0.569937369519833
0.7029525797793021
0.5937966000596481
-0.21145243065911123
0.16552341186996722
0.1750671040858932
0.8604235013420818
0.29555621831195944
-0.29913510289293166
-0.27229346853563974
0.8598270205785863
-0.5955860423501342
0.7113033104682374
0.13510289293170297
0.642708022666269
0.9164926931106472
0.1333134506412168
0.7536534446764092
0.3683268714583955
0.9087384431852072
-0.8974053086787952
0.528780196838652
0.3963614673426782
-0.1380852967491799
0.6510587533552044
0.6039367730390695
-0.9791231732776617
-0.08857739337906345
0.8425290784372204
-0.5401133313450641
0.2657321801371906
0.8980017894422905
-0.29495973754846405
-0.0766477781091559
0.25380256486728303
-0.1380852967491799
0.7816880405606919
-0.5234118699671935
-0.015806740232627403
0.09633164330450339
0.8896510587533553
0.8675812705040262
0.7924246943036087
0.9164926931106472
0.7363555025350432
0.7685654637637936
0.9844915001491202
0.7035490605427974
0.3963614673426782
0.7536534446764092
0.555621831195944
0.21443483447658818
0.6510587533552044
0.7065314643602744
-0.07903370116313746
-0.5317626006561289
-0.555621831195944
0.9528780196838652
-0.7918282135401133
-0.0581568744407992
0.1333134506412168
0.7757232329257382
-0.13033104682373997
0.7303906949000895
0.2657321801371906
0.7769161944527289
0.39397554428869674
-0.40650164032209957
0.2728899492991351
0.6104980614375186
-0.34208171786459896
0.3301521025946913
0.6576200417536535
0.7924246943036087
0.949299135102893
0.9606322696093051
0.3575902177154787
0.2657321801371906
-0.16969877721443494
0.39397554428869674
-0.1380852967491799
-0.9117208470026841
0.13510289293170297
0.3450641216820758
0.3725022368028631
0.21503131524008345
0.1291380852967492
0.1619445272889949
0.6421115419027736
0.12973456606024458
0.07366537429167908
-0.1380852967491799
0.8997912317327766
0.9880703847300925
-0.484640620339994
-0.7124962719952281
-0.2973456606024456
-0.4577989859827021
0.3301521025946913
0.6576200417536535
0.528780196838652
-0.22875037280047716
-0.05517447062332237
0.8789144050104384
0.6576200417536535
0.528780196838652
-0.22875037280047716
-0.05517447062332237
0.8789144050104384
-0.10945422010140171
0.596779003877125
0.8097226364449747
-0.1380852967491799
0.7781091559797196
0.3301521025946913
0.949299135102893
0.8121085594989561
0.3719057560393677
0.7793021175067104
-0.8980017894422905
0.7757232329257382
0.9707724425887265
-0.38860721741723836
-0.14822546972860118
0.20190873844318524
0.9534745004473606
0.6856546376379362
0.3056963912913808
0.1333134506412168
0.6075156576200418
0.4327467939158962
-0.7888458097226365
-0.45839546674619736
-0.9821055770951386
0.7924246943036087
0.3456606024455712
-0.546078138980018
0.3110647181628392
0.13510289293170297
0.6128839844915002
-0.47271100507008645
-0.5943930808231435
-0.353414852371011
0.6576200417536535
0.9081419624217119
0.8675812705040262
0.11780495079033704
0.528780196838652
0.13510289293170297
0.16313748881598567
-0.22875037280047716
-0.07784073963614668
0.49060542797494777
0.15597971965404112
0.13510289293170297
0.16313748881598567
0.10587533552042949
-0.5932001192961527
-0.5586042350134208
0.24962719952281542
-0.0915597971965405
0.8580375782881002
-0.1380852967491799
-0.22517148821950483
0.317029525797793
-0.8914405010438413
0.42081717864598867
-0.1380852967491799
0.8759320011929616
0.528780196838652
0.6749179838950194
0.5854458693707127
0.2734864300626305
0.2359081419624217
0.49060542797494777
0.4768863704145542
0.528780196838652
-0.1380852967491799
0.8759320011929616
0.49060542797494777
0.4768863704145542
0.528780196838652
-0.1380852967491799
0.8759320011929616
-0.22397852669251406
0.528780196838652
-0.05934983596778998
0.7781091559797196
0.6999701759618253
-0.6164628690724725
0.13510289293170297
0.3021175067104086
0.6767074261855055
0.48702654339397555
0.6862511184014315
0.3021175067104086
0.645690426483746
0.21861019982105578
0.9433343274679391
-0.9838950193856248
0.20071577691619447
0.7757232329257382
-0.38860721741723836
-0.14822546972860118
0.3396957948106174
0.9284223083805547
-0.506710408589323
-0.596779003877125
0.7071279451237698
0.8675812705040262
-0.5854458693707127
-0.04801670146137793
0.7041455413062929
0.06650760512973453
0.9164926931106472
0.8437220399642111
0.14226066209364752
0.3301521025946913
0.45004473605726214
0.3963614673426782
0.37966000596480765
-0.1380852967491799
0.3963614673426782
0.7536534446764092
-0.1380852967491799
-0.05517447062332237
0.6940053683268714
0.13510289293170297
-0.6260065612883985
0.7023560990158068
0.5496570235609901
0.6784968684759917
0.6844616761109454
-0.546078138980018
0.8580375782881002
0.0068595287801968
0.6003578884580972
0.4566060244557113
0.1428571428571429
0.1333134506412168
0.46913212048911423
0.4566060244557113
0.1428571428571429
0.1333134506412168
0.46913212048911423
0.1333134506412168
0.9528780196838652
0.25678496868475986
-0.4572025052192066
0.1333134506412168
0.9528780196838652
0.25678496868475986
-0.4572025052192066
0.1333134506412168
0.9528780196838652
-0.8419325976737251
-0.8914405010438413
0.1333134506412168
0.9528780196838652
-0.8419325976737251
-0.8914405010438413
0.7548464062033999
0.9164926931106472
0.4649567551446466
0.5603936773039069
0.7536534446764092
0.07008648971070686
-0.36474798687742327
0.963614673426782
0.9254399045630779
-0.21682075753056962
-0.5627796003578884
-0.866984789740531
-0.5228153892036982
0.5323590814196242
0.93677303906949
0.5878317924246943
-0.8914405010438413
0.42081717864598867
0.5943930808231435
-0.025350432448553617
-0.05219206680584554
-0.584252907843722
-0.1380852967491799
0.3963614673426782
-0.14047121980316124
0.3719057560393677
0.3575902177154787
0.3963614673426782
-0.1380852967491799
0.7536534446764092
0.7536534446764092
0.6391291380852968
0.11362958544586932
-0.10945422010140171
0.596779003877125
-0.5079033701163138
0.7924246943036087
0.4053086787951089
0.5001491201908739
0.5961825231136295
0.7745302713987474
-0.5955860423501342
0.5949895615866388
-0.1756635848493886
0.5639725618848792
0.7584252907843723
0.37429167909334926
-0.171488219504921
0.7232329257381449
-0.0444378168804056
-0.6236206382344169
0.42201014017297944
-0.03668356695496566
0.2728899492991351
0.6999701759618253
0.9284223083805547
0.2883984491500149
0.12615568147927225
0.16313748881598567
0.788249328959141
-0.1380852967491799
0.2657321801371906
0.046823739934387154
-0.12078735460781398
0.3450641216820758
0.9528780196838652
-0.12078735460781398
0.3450641216820758
0.9528780196838652
0.9606322696093051
0.8651953474500447
0.2657321801371906
0.3575902177154787
0.2728899492991351
0.13510289293170297
0.4756934088875634
-0.030718759320012
0.40769460184909034
0.6510587533552044
0.4792722934685356
0.6510587533552044
0.4792722934685356
0.042648374589919436
-0.12376975842529081
0.1333134506412168
0.8908440202803459
0.1428571428571429
-0.9504920966298838
0.49239487026543394
-0.02773635550253495
-0.08857739337906345
-0.1380852967491799
0.7536534446764092
0.8759320011929616
0.6784968684759917
0.9331941544885177
0.555621831195944
-0.21085594989561596
0.25678496868475986
-0.02773635550253495
-0.08857739337906345
-0.1380852967491799
0.7536534446764092
0.8759320011929616
-0.06531464360274386
-0.698180733671339
-0.0581568744407992
0.8413361169102296
-0.647479868774232
-0.5538323889054577
-0.2836266030420518
0.3068893528183716
0.11184014315538326
0.13510289293170297
-0.1380852967491799
-0.20310169997017602
0.8282135401133314
0.6784968684759917
0.08559498956158662
0.4560095436922159
-0.20011929615269897
0.1333134506412168
0.5323590814196242
0.307485833581867
-0.45839546674619736
-0.9821055770951386
-0.9642111541902774
0.5019385624813599
0.5586042350134208
0.9844915001491202
0.8974053086787951
0.34625708320906656
0.42081717864598867
0.9528780196838652
0.3575902177154787
0.7107068297047421
-0.16969877721443494
0.39397554428869674
0.9606322696093051
0.1619445272889949
-0.07903370116313746
0.26692514166418135
0.1386817775126752
-0.3170295257977931
0.3719057560393677
0.4768863704145542
0.788249328959141
0.21861019982105578
0.33730987175663585
0.7113033104682374
0.13689233522218913
0.93677303906949
-0.025350432448553617
-0.20310169997017602
0.5550253504324485
-0.1380852967491799
0.5120787354607814
-0.9546674619743514
-0.42201014017297944
-0.92901878914405
-0.39874739039665963
-0.5955860423501342
-0.8156874440799284
-0.8395466746197435
-0.6671637339695795
0.443483447658813
-0.1380852967491799
0.55741127348643
0.8896510587533553
-0.12973456606024447
0.5568147927229347
0.07068297047420224
-0.40292275574112746
0.07008648971070686
0.5764986579182821
0.7548464062033999
0.528780196838652
0.5705338502833284
0.8759320011929616
-0.07784073963614668
-0.8133015210259469
0.026543393975544283
0.3963614673426782
-0.343871160155085
0.37488815985684465
-0.587235311661199
0.8305994631673128
-0.7536534446764092
0.5568147927229347
0.9522815389203698
-0.19057560393677297
-0.1380852967491799
-0.04563077840739638
-0.17327766179540705
0.44467640918580376
-0.2645392186101998
-0.7852669251416642
-0.6409185803757829
-0.7715478675812706
-0.9976140769460184
0.9391589621234715
-0.4184312555920071
0.3957649865791828
-0.4273784670444378
0.2657321801371906
0.39397554428869674
0.6373396957948105
0.7751267521622428
0.8568446167611095
0.3963614673426782
0.3719057560393677
-0.1380852967491799
0.1333134506412168
0.14583954667461974
-0.6140769460184909
-0.8162839248434237
0.263346257083209
0.6540411571726812
-0.3730987175663585
0.9737548464062034
-0.7822845213241874
0.837160751565762
0.3903966597077244
0.5723232925738144
-0.5383238890545781
0.0492096629883686
0.6337608112138384
0.7435132716969878
0.14941843125559195
-0.8061437518640024
-0.21443483447658807
0.21920668058455117
0.829406501640322
-0.1380852967491799
0.12675216224276764
0.3963614673426782
0.4768863704145542
0.2728899492991351
0.6999701759618253
-0.6081121383835371
0.7554428869668953
-0.3683268714583954
-0.9224575007456008
-0.5926036385326574
0.8818968088279153
0.3253802564867283
0.3593796600059648
-0.4482552937667761
0.7763197136892335
-0.24246943036087076
0.23292573814494477
0.788249328959141
0.42081717864598867
-0.8914405010438413
-0.2788547569340889
-0.1380852967491799
0.7536534446764092
0.6862511184014315
0.2734864300626305
-0.15240083507306879
-0.4649567551446465
0.4243960632269609
0.3295556218311959
0.13510289293170297
-0.6277960035788845
-0.09991052788547572
0.6784968684759917
0.9528780196838652
0.11362958544586932
-0.20071577691619447
0.664777810915598
0.7954070981210856
0.28601252609603345
-0.5991649269311066
0.443483447658813
-0.5496570235609901
0.8657918282135402
0.555621831195944
0.7697584252907843
0.03071875932001189
0.9564569042648374
0.9528780196838652
0.42081717864598867
-0.8914405010438413
0.7966000596480763
0.5705338502833284
0.3587831792424694
-0.8162839248434237
0.1333134506412168
-0.7679689830002983
0.0020876826722338038
0.5663584849388608
-0.5627796003578884
0.7614076946018491
-0.1380852967491799
0.528780196838652
0.9487026543393976
0.7793021175067104
0.9761407694601849
0.14941843125559195
0.2657321801371906
0.7769161944527289
0.3575902177154787
0.39397554428869674
0.26215329555621836
-0.10945422010140171
0.596779003877125
0.49060542797494777
0.4142558902475395
-0.6880405606919178
-0.3820459290187892
-0.9075454816582165
-0.1434536236206383
0.13510289293170297
-0.23948702654339393
0.3999403519236505
-0.13689233522218913
0.6987772144348345
0.9606322696093051
0.8962123471518043
0.8383537130927528
0.49060542797494777
0.5955860423501342
0.3301521025946913
0.9689830002982404
0.9761407694601849
0.949299135102893
0.14941843125559195
0.7769161944527289
0.2657321801371906
0.5764986579182821
-0.1291380852967492
0.39397554428869674
-0.17029525797793021
-0.5090963316433046
0.9850879809126156
-0.4762898896510588
0.8908440202803459
-0.7697584252907843
0.1333134506412168
0.7584252907843723
0.5860423501342082
0.5550253504324485
0.6039367730390695
0.443483447658813
0.26215329555621836
-0.7083209066507605
-0.1380852967491799
0.3909931404712198
0.37429167909334926
-0.39218610199821047
0.7148821950492097
-0.1285416045332537
-0.1804354309573517
0.11303310468237404
0.8962123471518043
-0.10945422010140171
0.5627796003578884
0.4768863704145542
0.8097226364449747
0.13510289293170297
-0.8121085594989561
0.9397554428869669
0.9397554428869669
0.8777214434834477
0.06173575902177153
0.2031016999701759
0.7781091559797196
-0.2365046227259171
0.6856546376379362
0.6999701759618253
0.9164926931106472
-0.025350432448553617
0.14524306591112435
0.7536534446764092
0.555621831195944
-0.9886668654935877
0.4768863704145542
0.8651953474500447
-0.10945422010140171
0.6999701759618253
0.2657321801371906
0.2728899492991351
0.3963614673426782
0.9325976737250223
0.6999701759618253
0.8938264240978229
0.3301521025946913
-0.927229346853564
-0.1380852967491799
0.2728899492991351
0.5001491201908739
0.5961825231136295
-0.4196242171189979
0.7506710408589323
0.1333134506412168
0.5365344467640918
0.8896510587533553
0.08977035490605423
-0.475096928124068
-0.07903370116313746
0.6862511184014315
0.42081717864598867
-0.5711303310468236
-0.1380852967491799
-0.5502535043244856
0.927229346853564
0.8705636743215032
0.9624217118997912
0.9862809424396063
0.8896510587533553
-0.2543990456307783
0.2728899492991351
-0.6874440799284223
0.7303906949000895
0.9528780196838652
0.6862511184014315
0.04205189382642405
0.8908440202803459
0.9290187891440501
0.12794512376975842
0.9451237697584253
0.8896510587533553
-0.8508798091261556
0.16313748881598567
0.2657321801371906
0.3575902177154787
0.7918282135401133
0.3963614673426782
-0.1291380852967492
0.949299135102893
0.9797196540411571
-0.10945422010140171
-0.3116611989263347
-0.1380852967491799
0.5138681777512675
0.6862511184014315
-0.5496570235609901
-0.03310468237399333
-0.6104980614375186
-0.31881896808827914
0.04861318222487321
-0.20310169997017602
0.6862511184014315
-0.07008648971070675
0.11362958544586932
0.9528780196838652
-0.28481956456904256
0.42081717864598867
-0.8914405010438413
-0.5991649269311066
0.528780196838652
0.788249328959141
-0.5991649269311066
0.7536534446764092
0.8759320011929616
0.42618550551744705
-0.4047121980316135
-0.3200119296152699
0.4601849090366835
0.49060542797494777
0.5252013122576797
0.8156874440799284
0.05577095138681776
-0.3265732180137191
-0.41664181330152106
0.3301521025946913
0.39397554428869674
0.3671339099314047
0.7309871756635848
-0.024753951685058118
-0.5627796003578884
0.8216522517148822
-0.31225767968983
-0.5550253504324485
-0.13689233522218913
0.6039367730390695
0.3999403519236505
0.19713689233522214
0.06173575902177153
-0.4577989859827021
-0.1380852967491799
0.7954070981210856
-0.21622427676707434
0.5436922159260364
0.2657321801371906
-0.1380852967491799
0.7536534446764092
-0.8115120787354608
0.5705338502833284
-0.8162839248434237
-0.20310169997017602
0.3575902177154787
-0.1380852967491799
0.222189084402028
0.009245451834178353
0.3719057560393677
0.7548464062033999
0.5460781389800179
0.30032806441992244
0.17447062332239782
0.8759320011929616
0.788249328959141
0.13510289293170297
0.7238294065016404
0.3963614673426782
-0.664777810915598
0.7536534446764092
0.6576200417536535
0.528780196838652
0.7387414255890248
0.4476588130032807
0.9164926931106472
-0.8061437518640024
0.7548464062033999
0.5460781389800179
0.17447062332239782
0.9528780196838652
0.7900387712496272
0.6826722338204593
0.1333134506412168
-0.1661198926334626
0.788249328959141
0.13510289293170297
0.7238294065016404
0.3963614673426782
-0.664777810915598
-0.20310169997017602
0.1333134506412168
0.20190873844318524
0.9654041157172681
0.7512675216224277
-0.7118997912317329
-0.7142857142857142
0.022964509394572064
-0.10647181628392488
0.963614673426782
0.8985982702057859
0.0068595287801968
-0.7190575603936773
0.5705338502833284
-0.951088577393379
0.27706531464360273
0.3158365642708023
-0.6444974649567552
-0.19773337309871764
-0.1380852967491799
0.34088875633760807
-0.4577989859827021
-0.15240083507306879
0.7584252907843723
0.13510289293170297
0.6784968684759917
-0.1380852967491799
0.6576200417536535
0.9045630778407396
-0.15240083507306879
0.6784968684759917
-0.1380852967491799
0.6576200417536535
0.9045630778407396
-0.15240083507306879
0.528780196838652
-0.08857739337906345
-0.604533253802565
-0.20310169997017602
0.8759320011929616
0.13510289293170297
0.30032806441992244
-0.1380852967491799
0.56516552341187
-0.4387116015508501
-0.10945422010140171
0.3963614673426782
0.596779003877125
-0.09573516254100811
0.3587831792424694
0.5705338502833284
0.4768863704145542
0.7781091559797196
-0.42081717864598867
0.3289591410677005
0.8538622129436326
-0.1154190277363556
0.2883984491500149
0.23292573814494477
-0.6826722338204594
0.37846704443781687
0.788249328959141
-0.6713390993140471
0.5323590814196242
0.307485833581867
-0.5818669847897406
-0.02773635550253495
0.7536534446764092
-0.1380852967491799
0.6576200417536535
0.4768863704145542
0.9958246346555324
-0.19594393080823136
0.555621831195944
0.5663584849388608
-0.20310169997017602
0.37906352520131226
0.533552042946615
-0.13629585445869363
-0.28243364151506123
0.6946018490903668
-0.9337906352520131
0.05457798985982698
0.516254100805249
0.3575902177154787
0.9302117506710409
0.922457500745601
-0.1380852967491799
0.528780196838652
0.30032806441992244
-0.1380852967491799
-0.8061437518640024
0.8759320011929616
0.09036683566954962
-0.6659707724425887
-0.24246943036087076
0.7536534446764092
0.07605129734566063
0.3963614673426782
-0.15240083507306879
-0.3307485833581867
0.7954070981210856
-0.10945422010140171
0.511482254697286
0.5037280047718461
0.788249328959141
-0.08857739337906345
0.009245451834178353
0.7536534446764092
0.8675812705040262
0.516254100805249
-0.5413062928720549
0.3963614673426782
-0.8317924246943036
0.18282135401133315
0.528780196838652
0.21861019982105578
-0.07784073963614668
0.3301521025946913
0.566954965702356
0.44586937071279453
-0.1380852967491799
-0.41664181330152106
0.9284223083805547
0.9361765583059947
0.25320608410378764
-0.1285416045332537
0.7536534446764092
0.8675812705040262
-0.546078138980018
0.3110647181628392
0.8580375782881002
-0.6832687145839547
0.15478675812705045
0.7781091559797196
-0.2365046227259171
0.2883984491500149
-0.343871160155085
0.6510587533552044
0.3963614673426782
0.7918282135401133
-0.1380852967491799
0.16254100805249028
0.5961825231136295
0.1428571428571429
0.949299135102893
-0.16969877721443494
-0.5550253504324485
0.39397554428869674
0.9761407694601849
0.13510289293170297
-0.12078735460781398
-0.1380852967491799
-0.4237995824634655
0.7757232329257382
-0.025350432448553617
-0.5806740232627499
-0.38860721741723836
-0.14822546972860118
0.6075156576200418
0.1333134506412168
0.8449150014912019
-0.8419325976737251
-0.2543990456307783
0.5252013122576797
-0.5955860423501342
-0.20489114226066207
0.674321503131524
-0.43930808231434537
-0.28124067998807045
-0.07545481658216513
0.006263048016701411
-0.6087086191470326
0.9009841932597674
-0.3802564867283029
0.41186996719355806
-0.22875037280047716
0.3456606024455712
0.13510289293170297
0.16313748881598567
0.7924246943036087
0.9087384431852072
0.9188786161646287
0.7918282135401133
0.8061437518640024
0.25320608410378764
0.15061139278258273
0.13510289293170297
0.13510289293170297
0.528780196838652
0.166716373396958
-0.13987473903966596
-0.6289889651058753
0.6385326573218013
0.2889949299135103
-0.890844020280346
-0.41664181330152106
-0.45481658216522525
0.3719057560393677
0.49060542797494777
0.528780196838652
0.2657321801371906
0.8311959439308082
0.3909931404712198
0.13510289293170297
0.16313748881598567
0.11362958544586932
0.4566060244557113
-0.8765284819564569
0.5001491201908739
-0.5627796003578884
-0.968386519534745
-0.3522218908440202
-0.5878317924246943
0.13987473903966596
0.35520429466149717
-0.8079331941544885
0.25320608410378764
0.9284223083805547
-0.2543990456307783
0.2728899492991351
-0.7739337906352519
0.7667760214733075
0.6343572919773337
-0.4476588130032806
-0.1380852967491799
-0.9516850581568745
0.7793021175067104
0.9123173277661796
-0.6701461377870563
0.9373695198329854
-0.41664181330152106
0.949299135102893
0.222189084402028
-0.1941544885177453
0.8759320011929616
0.32239785266925136
-0.5347450044736057
-0.44527288994929903
0.5389203698180733
0.516254100805249
-0.7775126752162242
0.09812108559498955
0.7142857142857143
0.4572025052192067
-0.1380852967491799
-0.31225767968983
-0.5717268118103191
0.2508201610498061
0.7214434834476589
0.949299135102893
-0.4577989859827021
0.5460781389800179
0.17447062332239782
-0.05219206680584554
0.15478675812705045
0.6510587533552044
0.1285416045332538
0.25738144944825525
0.8383537130927528
0.7035490605427974
0.6922159260363854
0.25320608410378764
0.13510289293170297
-0.1380852967491799
0.2728899492991351
0.3963614673426782
0.7751267521622428
0.3575902177154787
0.39397554428869674
0.2657321801371906
0.6075156576200418
-0.909931404712198
-0.39874739039665963
0.2937667760214733
0.1989263346257083
-0.584252907843722
0.528780196838652
0.25738144944825525
0.8926334625708321
0.08977035490605423
-0.5168505815687443
0.13510289293170297
0.8353713092752759
-0.1995228153892037
0.1893826424097823
0.7041455413062929
0.1333134506412168
-0.6934088875633762
-0.052788547569340816
0.6856546376379362
-0.34983596779003867
-0.09275275872353106
0.470325082016105
0.6588130032806442
0.16313748881598567
0.8675812705040262
-0.9898598270205785
0.09513868177751272
-0.1380852967491799
-0.1380852967491799
0.6039367730390695
0.3963614673426782
0.06173575902177153
0.4345362362063824
-0.1291380852967492
-0.19773337309871764
0.2657321801371906
0.13510289293170297
0.949299135102893
0.6039367730390695
-0.1380852967491799
0.7793021175067104
0.5079033701163138
-0.8282135401133313
0.7536534446764092
0.03191172084700267
-0.35639725618848783
0.2967491798389502
-0.4947807933194155
-0.8968088279152997
-0.6862511184014315
0.02713987473903967
0.30927527587235315
-0.0014912019087385264
-0.859230539815091
-0.4136594094840442
0.7971965404115717
0.48702654339397555
-0.9862809424396064
-0.737548464062034
0.11959439308082309
-0.9582463465553235
-0.10945422010140171
-0.10945422010140171
-0.1380852967491799
0.596779003877125
0.4154488517745303
-0.3170295257977931
-0.3909931404712199
0.1661198926334626
0.3206084103787653
-0.6796898300029823
-0.6695496570235611
-0.3170295257977931
-0.22338204592901878
0.3575902177154787
-0.5550253504324485
0.39397554428869674
-0.6707426185505518
0.528780196838652
0.13510289293170297
0.21861019982105578
-0.07784073963614668
-0.9409484044139576
-0.31464360274381153
-0.8842827318818969
0.15836564270802267
-0.19176856546376375
-0.8842827318818969
-0.2937667760214733
0.8550551744706233
0.9212645392186102
0.7500745600954369
0.6773039069490009
-0.7709513868177751
-0.7250223680286312
-0.4661497166716373
-0.6224276767074262
0.5759021771547868
-0.49597375484640627
-0.5663584849388608
-0.7840739636146734
0.18401431553832392
0.06889352818371608
0.38383537130927525
0.08320906650760518
-0.2788547569340889
-0.21920668058455117
0.9284223083805547
-0.6779003877124963
-0.0587533552042947
0.3778705636743215
-0.6707426185505518
0.1380852967491798
0.7781091559797196
-0.31404712198031604
0.3719057560393677
0.7757232329257382
-0.38860721741723836
-0.14822546972860118
0.528780196838652
0.9707724425887265
0.9606322696093051
0.949299135102893
-0.21980316134804645
0.20250521920668063
-0.22576796898300033
0.09334923948702656
0.37429167909334926
-0.07784073963614668
0.21861019982105578
-0.06829704742022069
0.516254100805249
0.8693707127945124
0.8854756934088875
-0.10587533552042938
-0.20668058455114813
0.6862511184014315
-0.06531464360274386
-0.31225767968983
0.6277960035788845
0.5764986579182821
0.7954070981210856
0.9594393080823144
0.25260960334029225
0.6653742916790933
-0.8753355204294662
0.900387712496272
-0.4888159856844616
0.27646883388010735
-0.8914405010438413
0.3456606024455712
0.13510289293170297
0.16313748881598567
0.7924246943036087
0.9087384431852072
0.9188786161646287
0.7918282135401133
0.8061437518640024
0.25320608410378764
0.15061139278258273
-0.1380852967491799
0.37429167909334926
0.1571726811810319
0.9528780196838652
0.7035490605427974
0.4190277363555025
0.5192365046227259
0.008648971070682965
-0.08738443185207267
0.9874739039665971
0.8628094243960632
-0.9296152699075455
0.2657321801371906
0.3575902177154787
0.7769161944527289
-0.10945422010140171
-0.07903370116313746
-0.1380852967491799
0.39397554428869674
-0.16969877721443494
-0.1380852967491799
0.37429167909334926
-0.7411273486430063
-0.8156874440799284
-0.025350432448553617
0.13927825827617057
-0.8490903668356695
0.3760811213838354
0.514464658514763
0.8651953474500447
0.13510289293170297
0.16313748881598567
-0.4577989859827021
0.06173575902177153
-0.1380852967491799
0.7954070981210856
0.9528780196838652
-0.20131225767968974
0.8926334625708321
-0.22397852669251406
0.8383537130927528
0.3456606024455712
0.13510289293170297
0.16313748881598567
0.8878616164628691
0.16313748881598567
-0.22875037280047716
0.2800477184610797
-0.4577989859827021
-0.8741425589024754
0.8675812705040262
0.25320608410378764
0.9803161348046525
0.15061139278258273
0.7303906949000895
0.13510289293170297
-0.7918282135401133
0.566954965702356
0.44586937071279453
0.2728899492991351
-0.6910229645093946
0.8467044437816881
0.48165821652251717
-0.3212048911422607
-0.39218610199821047
-0.2543990456307783
-0.7918282135401133
0.6283924843423799
0.11362958544586932
0.7757232329257382
0.9868774232031017
0.9284223083805547
0.7918282135401133
0.2734864300626305
-0.8789144050104385
-0.09991052788547572
0.9451237697584253
0.8508798091261557
0.3719057560393677
0.15478675812705045
-0.13033104682373997
0.8383537130927528
0.13510289293170297
0.7035490605427974
0.6403220996122875
0.16313748881598567
0.8962123471518043
0.8759320011929616
0.8651953474500447
0.9606322696093051
-0.10945422010140171
-0.5955860423501342
0.4476588130032807
0.13510289293170297
0.16313748881598567
-0.62839248434238
0.2728899492991351
-0.8109155979719653
0.16313748881598567
0.555621831195944
0.9284223083805547
-0.22397852669251406
0.941544885177453
-0.5096928124067999
0.8675812705040262
0.8383537130927528
-0.02773635550253495
0.06173575902177153
-0.1380852967491799
-0.24246943036087076
-0.05219206680584554
0.04026245153593799
0.5705338502833284
0.8759320011929616
0.30032806441992244
-0.08857739337906345
-0.1380852967491799
-0.09871756635848494
0.7757232329257382
-0.025350432448553617
-0.5806740232627499
-0.38860721741723836
-0.14822546972860118
0.6075156576200418
0.1333134506412168
0.8449150014912019
-0.8419325976737251
-0.2543990456307783
0.5252013122576797
-0.5955860423501342
0.8675812705040262
-0.7118997912317329
0.9009841932597674
-0.43155383238890543
-0.1380852967491799
0.2919773337309872
0.3575902177154787
-0.41664181330152106
0.8675812705040262
0.7578288100208768
0.4053086787951089
0.3719057560393677
-0.1380852967491799
0.7536534446764092
-0.5496570235609901
0.5120787354607814
-0.07784073963614668
0.8759320011929616
-0.31762600656128837
0.2657321801371906
0.39397554428869674
-0.025350432448553617
0.7769161944527289
0.0635252013122577
0.6862511184014315
0.8675812705040262
-0.7697584252907843
0.08977035490605423
0.7757232329257382
0.475096928124068
0.07008648971070686
0.6576200417536535
-0.231732776617954
0.8675812705040262
0.8651953474500447
0.7894422904861318
-0.40650164032209957
0.13510289293170297
-0.584252907843722
0.6802863107664778
0.9546674619743514
0.8675812705040262
0.13510289293170297
0.8365642708022667
0.8926334625708321
-0.9361765583059947
0.4577989859827021
0.3814494482552938
0.3456606024455712
0.6283924843423799
-0.6588130032806443
0.8765284819564569
0.6039367730390695
0.6862511184014315
0.93677303906949
0.528780196838652
0.7387414255890248
0.8807038473009245
-0.6015508499850879
0.9648076349537728
0.9284223083805547
-0.1571726811810319
-0.555621831195944
0.41246644795705334
-0.12675216224276764
-0.34208171786459896
0.42081717864598867
0.13510289293170297
0.37429167909334926
0.21861019982105578
0.4786758127050402
-0.4291679093349239
-0.32895914106770063
0.5084998508798091
-0.8598270205785863
0.03787652848195644
0.48702654339397555
-0.5389203698180733
0.8651953474500447
-0.8067402326274977
-0.6271995228153893
-0.6946018490903669
0.8789144050104384
0.6295854458693707
-0.1380852967491799
0.1333134506412168
0.8311959439308082
-0.6164628690724725
-0.698180733671339
0.7566358484938861
0.555621831195944
0.7345660602445572
-0.17685654637637938
-0.37846704443781687
0.8675812705040262
0.9815090963316433
0.9164926931106472
0.9009841932597674
0.7918282135401133
0.6039367730390695
0.6862511184014315
0.93677303906949
0.528780196838652
0.7387414255890248
0.16313748881598567
-0.4577989859827021
0.6784968684759917
0.8878616164628691
0.16313748881598567
-0.22875037280047716
0.2800477184610797
-0.4577989859827021
0.8962123471518043
-0.10945422010140171
-0.6707426185505518
0.596779003877125
0.7781091559797196
0.49060542797494777
-0.31225767968983
-0.5717268118103191
0.2508201610498061
0.7214434834476589
-0.1380852967491799
-0.7989859827020578
0.13510289293170297
0.37429167909334926
-0.7804950790337011
0.25678496868475986
0.9528780196838652
0.9528780196838652
0.6576200417536535
0.6433045034297644
0.3963614673426782
-0.5192365046227259
-0.43930808231434537
-0.2967491798389501
0.6659707724425887
0.6814792722934686
0.2657321801371906
0.7769161944527289
-0.4011333134506412
-0.4792722934685356
0.9349835967790039
0.4667461974351327
0.7781091559797196
-0.2365046227259171
0.6784968684759917
-0.4577989859827021
0.2657321801371906
0.5711303310468238
0.5645690426483746
0.16433045034297644
0.6999701759618253
-0.41664181330152106
0.12734864300626303
0.3218013719057561
-0.9367730390694899
-0.6075156576200418
0.8580375782881002
-0.22397852669251406
0.2728899492991351
-0.03370116313748883
0.9606322696093051
0.3301521025946913
-0.5502535043244856
0.8121085594989561
0.3719057560393677
0.909931404712198
0.13510289293170297
-0.07784073963614668
0.528780196838652
0.6576200417536535
0.21861019982105578
-0.22875037280047716
0.8675812705040262
0.29495973754846405
-0.43155383238890543
0.6922159260363854
-0.4577989859827021
0.25320608410378764
0.19773337309871752
-0.19475096928124058
0.3963614673426782
0.9325976737250223
0.6940053683268714
0.8985982702057859
0.528780196838652
0.42081717864598867
-0.012227855651655295
0.1333134506412168
0.7906352520131226
0.5037280047718461
0.3575902177154787
0.6856546376379362
0.8759320011929616
0.13510289293170297
0.16313748881598567
0.25320608410378764
0.5776916194452728
-0.48225469728601245
0.8675812705040262
-0.22397852669251406
0.9009841932597674
0.6373396957948105
0.9248434237995825
0.3021175067104086
0.13510289293170297
0.6283924843423799
0.1333134506412168
0.5663584849388608
0.24008350730688932
-0.1052788547569341
-0.7918282135401133
0.5090963316433045
0.6307784073963615
0.8675812705040262
-0.5955860423501342
0.3110647181628392
0.12376975842529081
0.2883984491500149
0.8675812705040262
0.9009841932597674
0.2937667760214733
0.9248434237995825
0.17745302713987476
0.5681479272293468
0.5544288696689532
0.48702654339397555
-0.43990456307784065
0.7757232329257382
-0.4518341783477482
0.6802863107664778
0.8789144050104384
-0.7381449448255293
-0.07784073963614668
0.6576200417536535
0.6749179838950194
0.05815687444079931
-0.32716969877721436
0.3575902177154787
0.9105278854756934
0.39397554428869674
0.2657321801371906
0.14941843125559195
0.5764986579182821
-0.20906650760512968
-0.36057262153295566
0.7208470026841635
0.13033104682373997
0.8962123471518043
-0.10945422010140171
0.596779003877125
-0.2365046227259171
-0.1380852967491799
0.7548464062033999
-0.21622427676707434
0.5341485237101103
-0.1339099314047123
0.7536534446764092
0.7548464062033999
-0.21622427676707434
0.5341485237101103
-0.1339099314047123
0.7536534446764092
0.3301521025946913
0.9689830002982404
0.3575902177154787
0.6373396957948105
0.212645392186102
0.4566060244557113
0.9606322696093051
0.08499850879809123
-0.7614076946018491
0.7769161944527289
-0.1380852967491799
0.528780196838652
0.7548464062033999
0.7536534446764092
0.8759320011929616
0.4566060244557113
-0.07127945123769752
-0.7124962719952281
0.16313748881598567
0.8985982702057859
0.029525797793021225
-0.46853563972561885
0.7697584252907843
0.1291380852967492
-0.13510289293170286
0.2800477184610797
0.7035490605427974
0.8985982702057859
0.8461079630181927
0.16313748881598567
0.8449150014912019
-0.11422606620936482
0.13510289293170297
0.2132418729495974
0.1333134506412168
0.7047420220697882
0.8532657321801371
0.5019385624813599
-0.8705636743215031
0.514464658514763
-0.7620041753653444
-0.6271995228153893
-0.584252907843722
-0.13033104682373997
0.8675812705040262
0.9009841932597674
0.06889352818371608
-0.14822546972860118
0.8580375782881002
-0.9916492693110648
-0.43930808231434537
0.7781091559797196
0.20190873844318524
0.6081121383835371
0.528780196838652
0.8383537130927528
0.8580375782881002
-0.5920071577691619
0.555621831195944
0.9284223083805547
0.8675812705040262
0.566954965702356
-0.8150909633164329
0.10647181628392488
-0.22397852669251406
0.8651953474500447
0.4041157172681181
0.16313748881598567
-0.29913510289293166
0.2514166418133015
0.7035490605427974
0.8985982702057859
0.16313748881598567
0.7041455413062929
0.6039367730390695
0.7906352520131226
-0.9713689233522218
-0.7578288100208768
-0.9445272889949299
0.9284223083805547
0.6415150611392783
0.7303906949000895
0.7870563674321504
-0.13450641216820758
0.5037280047718461
0.8675812705040262
-0.5413062928720549
-0.9308082314345363
0.4613778705636743
0.13510289293170297
0.7954070981210856
-0.41664181330152106
0.7757232329257382
0.13510289293170297
0.16313748881598567
0.3963614673426782
-0.38860721741723836
0.3301521025946913
0.6576200417536535
0.949299135102893
-0.28183716075156573
0.528780196838652
0.528780196838652
0.8353713092752759
0.479868774232031
0.6319713689233522
0.3623620638234417
0.8675812705040262
0.7924246943036087
-0.5932001192961527
0.566954965702356
0.9009841932597674
0.3575902177154787
0.39397554428869674
-0.1380852967491799
-0.7679689830002983
0.2883984491500149
0.8675812705040262
0.5460781389800179
-0.22875037280047716
0.6784968684759917
0.8675812705040262
0.7894422904861318
-0.2734864300626305
-0.5639725618848792
0.2800477184610797
0.3963614673426782
0.3158365642708023
0.1333134506412168
-0.9922457500745601
-0.7351625410080525
0.7548464062033999
0.9164926931106472
-0.1380852967491799
0.8759320011929616
0.7536534446764092
0.7548464062033999
0.9164926931106472
-0.1380852967491799
0.8759320011929616
0.7536534446764092
0.7548464062033999
0.9164926931106472
-0.1380852967491799
0.8759320011929616
0.7536534446764092
0.528780196838652
-0.1380852967491799
0.13510289293170297
-0.17208470026841627
-0.4852371011034895
0.09334923948702656
-0.15240083507306879
0.4709215627796004
-0.07784073963614668
0.21861019982105578
0.3963614673426782
-0.20310169997017602
0.009245451834178353
0.7536534446764092
0.14941843125559195
0.8962123471518043
-0.10945422010140171
-0.2639427378467045
0.596779003877125
-0.2365046227259171
0.15896212347151806
-0.12019087384431848
0.6969877721443484
-0.1428571428571428
-0.22039964211154195
0.6832687145839547
-0.06233223978526703
-0.1380852967491799
-0.3486430062630481
-0.1434536236206383
0.39397554428869674
0.3575902177154787
0.8121085594989561
-0.41664181330152106
-0.7804950790337011
0.14464658514762896
0.13510289293170297
0.2657321801371906
-0.7369519832985387
-0.1291380852967492
0.949299135102893
0.16313748881598567
0.15597971965404112
0.3152400835073069
-0.42201014017297944
-0.584252907843722
-0.1804354309573517
-0.293170295257978
0.8669847897405308
0.528780196838652
0.2657321801371906
0.2728899492991351
0.8580375782881002
0.33730987175663585
0.21861019982105578
0.528780196838652
0.8234416940053684
0.8759320011929616
-0.07784073963614668
0.49060542797494777
0.2883984491500149
0.5204294661497166
0.528780196838652
0.3963614673426782
0.49060542797494777
0.2883984491500149
0.5204294661497166
0.528780196838652
0.3963614673426782

