84.0
1907.0
1015.0
1892.0
1076.0
65.0
2374.0
84.0
1907.0
1015.0
1892.0
1076.0
65.0
2374.0
84.0
1907.0
1015.0
1892.0
1076.0
65.0
2374.0
184.0
901.0
1015.0
411.0
2598.0
365.0
1892.0
1230.0
373.0
1076.0
860.0
424.0
373.0
2606.0
1015.0
2.0
373.0
2606.0
1015.0
2.0
373.0
2606.0
1015.0
2.0
373.0
2606.0
1015.0
2.0
263.0
373.0
789.0
1230.0
1892.0
709.0
1230.0
2606.0
1015.0
332.0
424.0
373.0
1089.0
2598.0
1218.0
206.0
2333.0
2812.0
2745.0
583.0
2633.0
3131.0
577.0
1971.0
1298.0
422.0
2498.0
1452.0
2655.0
788.0
1449.0
1892.0
1015.0
332.0
709.0
2248.0
1614.0
3.0
890.0
1894.0
356.0
183.0
2829.0
671.0
424.0
188.0
918.0
3019.0
3256.0
1710.0
1048.0
48.0
1544.0
3088.0
1892.0
709.0
1230.0
373.0
901.0
184.0
332.0
1015.0
1081.0
2481.0
860.0
2320.0
3108.0
578.0
99.0
1636.0
2187.0
1214.0
373.0
1230.0
1015.0
332.0
767.0
184.0
1015.0
748.0
356.0
1122.0
573.0
2.0
1214.0
922.0
1230.0
373.0
1015.0
332.0
2.0
1892.0
709.0
2476.0
424.0
188.0
918.0
1678.0
1916.0
584.0
524.0
84.0
65.0
220.0
784.0
1961.0
749.0
332.0
1230.0
1015.0
373.0
1892.0
1916.0
2357.0
877.0
406.0
292.0
223.0
263.0
196.0
860.0
2606.0
1960.0
314.0
184.0
3331.0
1015.0
3279.0
1916.0
1892.0
1230.0
373.0
332.0
1015.0
356.0
2715.0
3.0
661.0
226.0
3219.0
565.0
235.0
424.0
1401.0
809.0
1971.0
1298.0
406.0
671.0
784.0
365.0
1230.0
373.0
1015.0
1892.0
424.0
188.0
685.0
790.0
456.0
2606.0
1960.0
1015.0
332.0
784.0
292.0
223.0
356.0
748.0
1907.0
365.0
560.0
1916.0
1346.0
1449.0
3.0
2536.0
789.0
853.0
263.0
2.0
356.0
484.0
1015.0
1960.0
1892.0
332.0
1916.0
970.0
373.0
356.0
1230.0
332.0
1015.0
1961.0
766.0
2.0
585.0
3.0
1892.0
1443.0
709.0
1916.0
1391.0
1520.0
1043.0
356.0
424.0
188.0
2357.0
3133.0
484.0
332.0
1892.0
1015.0
286.0
2717.0
373.0
1230.0
1015.0
332.0
1892.0
1214.0
922.0
373.0
635.0
1230.0
2.0
373.0
356.0
1230.0
1015.0
748.0
1222.0
1892.0
356.0
1806.0
789.0
1309.0
424.0
188.0
2829.0
3197.0
2606.0
1960.0
748.0
373.0
66.0
1230.0
1015.0
748.0
1015.0
1597.0
1230.0
332.0
1788.0
1480.0
1452.0
2532.0
412.0
933.0
3054.0
3081.0
1628.0
709.0
560.0
1597.0
1298.0
2108.0
1951.0
1830.0
1164.0
562.0
1290.0
2146.0
61.0
1992.0
2.0
1916.0
1019.0
332.0
2666.0
184.0
1892.0
748.0
702.0
1923.0
584.0
1214.0
922.0
373.0
635.0
1230.0
748.0
1015.0
1597.0
1230.0
332.0
1960.0
484.0
2697.0
1183.0
53.0
1038.0
1230.0
373.0
1015.0
2.0
709.0
1892.0
332.0
2307.0
2007.0
1230.0
373.0
1015.0
2.0
709.0
1892.0
332.0
2307.0
2007.0
748.0
1052.0
1230.0
1015.0
1892.0
1122.0
1015.0
1961.0
84.0
1907.0
1230.0
373.0
1916.0
2606.0
1960.0
1892.0
1015.0
1795.0
184.0
865.0
1745.0
1892.0
1015.0
1916.0
383.0
1230.0
373.0
3.0
1943.0
1745.0
2188.0
1230.0
373.0
1015.0
332.0
1892.0
709.0
1218.0
99.0
1907.0
2606.0
2007.0
1960.0
1015.0
332.0
139.0
784.0
1907.0
356.0
671.0
1960.0
1230.0
1015.0
1892.0
709.0
130.0
332.0
1542.0
578.0
2.0
1644.0
1214.0
919.0
784.0
23.0
1218.0
1076.0
2754.0
1961.0
560.0
1916.0
2606.0
1960.0
1892.0
1015.0
1795.0
184.0
865.0
1745.0
682.0
767.0
184.0
1015.0
328.0
84.0
2246.0
39.0
524.0
1907.0
970.0
1961.0
2.0
2606.0
748.0
1582.0
319.0
332.0
1315.0
447.0
1961.0
2857.0
332.0
1960.0
1195.0
484.0
1856.0
84.0
145.0
2887.0
3026.0
2298.0
356.0
1863.0
3344.0
2431.0
1582.0
2166.0
3336.0
184.0
65.0
767.0
172.0
682.0
767.0
184.0
1015.0
328.0
84.0
2246.0
39.0
524.0
1907.0
970.0
1961.0
2.0
2606.0
748.0
1582.0
319.0
332.0
1315.0
447.0
1961.0
2857.0
332.0
1960.0
1195.0
484.0
1856.0
84.0
145.0
2887.0
3026.0
2298.0
356.0
1863.0
3344.0
2431.0
1582.0
2166.0
3336.0
184.0
65.0
767.0
172.0
1449.0
616.0
1928.0
1872.0
3318.0
863.0
48.0
1872.0
1015.0
1960.0
709.0
1907.0
1892.0
1298.0
1971.0
629.0
356.0
3075.0
1624.0
1020.0
561.0
375.0
970.0
1230.0
810.0
1076.0
1015.0
332.0
2555.0
1425.0
67.0
467.0
67.0
3206.0
484.0
1960.0
1015.0
332.0
191.0
1660.0
1303.0
748.0
1392.0
2973.0
116.0
115.0
1015.0
671.0
784.0
1395.0
3055.0
2975.0
484.0
373.0
1205.0
228.0
2965.0
2307.0
1996.0
1791.0
682.0
790.0
2470.0
332.0
1961.0
748.0
1195.0
1960.0
999.0
2502.0
1996.0
328.0
1711.0
3351.0
384.0
1863.0
1375.0
18.0
1122.0
1996.0
484.0
157.0
1582.0
1122.0
1015.0
1961.0
84.0
1907.0
1230.0
373.0
1892.0
1015.0
1916.0
383.0
1230.0
373.0
3.0
1943.0
1745.0
2188.0
356.0
229.0
188.0
1015.0
354.0
1996.0
1791.0
682.0
790.0
2470.0
332.0
1961.0
748.0
1195.0
1960.0
999.0
2502.0
1996.0
328.0
1711.0
3351.0
384.0
1863.0
1375.0
18.0
2673.0
2.0
373.0
2606.0
3345.0
1415.0
508.0
1971.0
1298.0
1122.0
314.0
373.0
1392.0
1230.0
1122.0
314.0
373.0
1392.0
1230.0
2104.0
1020.0
1742.0
410.0
2379.0
748.0
1015.0
332.0
1425.0
1230.0
748.0
1015.0
332.0
1425.0
1230.0
1076.0
810.0
1015.0
332.0
116.0
1394.0
354.0
1937.0
1230.0
1597.0
748.0
1425.0
709.0
1907.0
1298.0
373.0
1960.0
733.0
977.0
218.0
524.0
127.0
1624.0
314.0
356.0
1076.0
1015.0
709.0
784.0
1346.0
2456.0
1961.0
24.0
662.0
639.0
84.0
1230.0
1907.0
3206.0
113.0
484.0
1960.0
1015.0
332.0
748.0
1597.0
1101.0
709.0
383.0
356.0
166.0
1315.0
1810.0
912.0
2281.0
356.0
484.0
1015.0
332.0
1892.0
1960.0
2598.0
910.0
2.0
1892.0
1452.0
2598.0
910.0
2.0
1892.0
1452.0
1892.0
1298.0
1971.0
84.0
39.0
1015.0
1452.0
709.0
99.0
1916.0
2606.0
1960.0
1892.0
1222.0
2829.0
2316.0
3195.0
1781.0
332.0
3.0
2876.0
3243.0
3007.0
1892.0
1015.0
1230.0
373.0
1960.0
2606.0
784.0
1678.0
709.0
1943.0
2598.0
1263.0
1916.0
748.0
1230.0
1076.0
1015.0
332.0
709.0
1892.0
1425.0
332.0
1355.0
709.0
748.0
1015.0
373.0
314.0
84.0
65.0
1581.0
756.0
1907.0
1859.0
147.0
1425.0
1122.0
39.0
332.0
2467.0
845.0
69.0
203.0
69.0
291.0
1005.0
60.0
1806.0
789.0
573.0
1309.0
263.0
378.0
824.0
2363.0
142.0
2371.0
1479.0
1226.0
1833.0
1165.0
502.0
1218.0
2207.0
2574.0
659.0
2316.0
2316.0
1298.0
422.0
2773.0
703.0
1298.0
422.0
2773.0
703.0
1126.0
610.0
789.0
616.0
48.0
1015.0
2685.0
2.0
901.0
1792.0
1549.0
1796.0
112.0
1892.0
671.0
1725.0
1391.0
3336.0
1015.0
412.0
2312.0
2150.0
1449.0
1795.0
1907.0
726.0
1230.0
1230.0
1960.0
1916.0
705.0
1222.0
2336.0
1298.0
824.0
424.0
332.0
1015.0
1892.0
709.0
1449.0
3250.0
366.0
1401.0
188.0
1391.0
1155.0
782.0
1375.0
266.0
970.0
1122.0
2880.0
1917.0
748.0
51.0
1230.0
1960.0
1916.0
705.0
1222.0
2336.0
1298.0
824.0
424.0
332.0
1015.0
1892.0
709.0
1449.0
3250.0
366.0
1401.0
188.0
1391.0
1155.0
782.0
1375.0
266.0
970.0
1218.0
502.0
7.0
1892.0
709.0
1076.0
112.0
373.0
1015.0
65.0
1245.0
1052.0
693.0
780.0
1900.0
1916.0
1678.0
184.0
406.0
383.0
709.0
136.0
1687.0
2007.0
1892.0
1015.0
1907.0
373.0
1960.0
709.0
422.0
332.0
2276.0
3.0
1015.0
332.0
1743.0
406.0
84.0
671.0
2320.0
356.0
113.0
1230.0
1960.0
422.0
1230.0
373.0
1015.0
332.0
1892.0
709.0
1916.0
1415.0
1916.0
2606.0
1960.0
1892.0
1015.0
263.0
860.0
2423.0
196.0
1655.0
356.0
906.0
770.0
3.0
1892.0
1015.0
1907.0
373.0
1960.0
709.0
422.0
332.0
2276.0
1230.0
373.0
1015.0
784.0
1892.0
709.0
560.0
65.0
84.0
184.0
65.0
1015.0
1230.0
373.0
1892.0
1907.0
512.0
1076.0
1122.0
709.0
2967.0
1011.0
3199.0
1400.0
68.0
2481.0
584.0
968.0
748.0
1052.0
1076.0
1015.0
356.0
3.0
3206.0
113.0
709.0
1015.0
1230.0
1960.0
1264.0
1116.0
2467.0
1076.0
65.0
147.0
1916.0
1678.0
184.0
406.0
383.0
709.0
136.0
1687.0
2007.0
1892.0
709.0
1230.0
2606.0
373.0
1960.0
1015.0
332.0
1916.0
980.0
1155.0
824.0
1391.0
1218.0
99.0
748.0
1961.0
2598.0
2.0
373.0
373.0
1230.0
1015.0
709.0
2156.0
373.0
1892.0
709.0
1961.0
332.0
1015.0
566.0
1702.0
1892.0
399.0
1218.0
139.0
502.0
1230.0
373.0
1015.0
784.0
1892.0
709.0
560.0
65.0
84.0
184.0
373.0
2091.0
139.0
1392.0
1015.0
1122.0
51.0
39.0
84.0
777.0
1122.0
51.0
39.0
84.0
777.0
748.0
1961.0
2598.0
2.0
373.0
766.0
1015.0
784.0
2606.0
1960.0
1892.0
709.0
1076.0
2.0
560.0
51.0
39.0
84.0
2528.0
777.0
748.0
314.0
373.0
1230.0
1076.0
84.0
39.0
627.0
1052.0
65.0
901.0
1076.0
1015.0
1392.0
1015.0
332.0
184.0
2685.0
130.0
2606.0
1960.0
1122.0
51.0
39.0
1015.0
777.0
522.0
2016.0
1015.0
332.0
116.0
1961.0
136.0
766.0
1230.0
1011.0
512.0
62.0
1597.0
373.0
1364.0
748.0
484.0
1015.0
332.0
1907.0
1015.0
1907.0
748.0
484.0
332.0
748.0
1230.0
1015.0
1792.0
2685.0
748.0
1052.0
2697.0
332.0
1792.0
115.0
1907.0
1011.0
502.0
977.0
51.0
39.0
84.0
777.0
1907.0
399.0
373.0
1230.0
1015.0
1907.0
1892.0
112.0
381.0
3050.0
1384.0
1015.0
373.0
1230.0
412.0
604.0
347.0
1076.0
1218.0
1230.0
373.0
1015.0
1214.0
2.0
332.0
1892.0
184.0
1449.0
1230.0
373.0
1015.0
1214.0
2.0
332.0
1892.0
184.0
1449.0
748.0
2.0
373.0
1015.0
1597.0
1015.0
332.0
748.0
412.0
66.0
1230.0
1015.0
332.0
484.0
748.0
748.0
373.0
1230.0
1015.0
332.0
39.0
2.0
84.0
901.0
1015.0
413.0
1907.0
1572.0
342.0
220.0
2414.0
1892.0
1907.0
1572.0
342.0
220.0
2414.0
1892.0
775.0
484.0
1960.0
1015.0
2.0
1955.0
84.0
406.0
2.0
373.0
1230.0
1076.0
1015.0
332.0
184.0
709.0
784.0
228.0
1346.0
560.0
1015.0
1230.0
373.0
292.0
446.0
1346.0
2980.0
766.0
784.0
332.0
914.0
1907.0
228.0
356.0
3260.0
578.0
422.0
1792.0
2685.0
229.0
2515.0
1015.0
1230.0
373.0
347.0
1076.0
784.0
65.0
709.0
560.0
332.0
1346.0
356.0
1391.0
1961.0
748.0
2.0
2957.0
373.0
332.0
84.0
1052.0
116.0
709.0
115.0
223.0
2063.0
1015.0
332.0
1892.0
1230.0
373.0
1916.0
2954.0
424.0
188.0
1157.0
789.0
1230.0
2443.0
3014.0
1230.0
1015.0
332.0
1792.0
2685.0
1122.0
51.0
39.0
1052.0
1011.0
748.0
2.0
1015.0
332.0
1907.0
2606.0
1960.0
1015.0
332.0
1582.0
84.0
39.0
1122.0
2722.0
184.0
709.0
356.0
3274.0
2203.0
1263.0
402.0
1388.0
1960.0
1015.0
484.0
1907.0
1076.0
184.0
1892.0
314.0
65.0
84.0
332.0
784.0
709.0
84.0
1907.0
1122.0
2899.0
1859.0
220.0
184.0
3336.0
2365.0
1230.0
1960.0
1076.0
1015.0
332.0
932.0
1236.0
65.0
354.0
356.0
970.0
84.0
1907.0
1122.0
2899.0
1859.0
1015.0
1597.0
332.0
2.0
484.0
1973.0
1015.0
2606.0
373.0
292.0
365.0
1907.0
2980.0
347.0
1076.0
422.0
2606.0
1892.0
1122.0
39.0
2465.0
2652.0
2410.0
1076.0
65.0
853.0
84.0
1582.0
332.0
1122.0
1230.0
1015.0
373.0
2102.0
850.0
2591.0
2356.0
221.0
119.0
2357.0
2.0
484.0
332.0
1892.0
1407.0
1402.0
658.0
373.0
1052.0
1230.0
1015.0
332.0
1892.0
347.0
1076.0
1122.0
1015.0
1402.0
263.0
1214.0
922.0
373.0
484.0
748.0
1230.0
1015.0
1597.0
1425.0
184.0
65.0
314.0
112.0
1076.0
1015.0
373.0
1230.0
1218.0
356.0
970.0
1015.0
84.0
1122.0
1230.0
373.0
2256.0
2.0
1015.0
784.0
2499.0
628.0
198.0
1907.0
1810.0
48.0
1048.0
678.0
740.0
2357.0
1449.0
742.0
437.0
375.0
2157.0
270.0
2464.0
3308.0
3016.0
83.0
1218.0
1052.0
1076.0
2598.0
373.0
1015.0
573.0
748.0
1961.0
51.0
292.0
223.0
2606.0
373.0
332.0
2.0
3243.0
380.0
347.0
824.0
1916.0
188.0
424.0
223.0
2.0
484.0
1015.0
332.0
1597.0
444.0
1076.0
1218.0
1660.0
1907.0
1015.0
484.0
373.0
1076.0
1892.0
1916.0
1391.0
424.0
3284.0
1076.0
184.0
2247.0
3229.0
1907.0
2953.0
78.0
1015.0
970.0
72.0
44.0
314.0
1230.0
2905.0
930.0
3336.0
3130.0
1127.0
2536.0
91.0
1230.0
1298.0
373.0
332.0
1015.0
2829.0
2316.0
1892.0
1907.0
3131.0
220.0
1236.0
2245.0
484.0
1015.0
748.0
1960.0
1425.0
1949.0
2095.0
737.0
709.0
587.0
1155.0
2810.0
824.0
606.0
137.0
1052.0
373.0
332.0
1892.0
1230.0
1015.0
1916.0
748.0
484.0
1015.0
332.0
1907.0
1449.0
1392.0
3235.0
1850.0
373.0
1015.0
1572.0
1907.0
342.0
3219.0
1907.0
65.0
2644.0
519.0
1015.0
1230.0
373.0
1218.0
2655.0
743.0
514.0
2205.0
1948.0
2890.0
2709.0
1011.0
835.0
726.0
169.0
2489.0
863.0
375.0
1425.0
72.0
926.0
2633.0
3325.0
2709.0
1878.0
854.0
1296.0
1961.0
2243.0
65.0
126.0
2606.0
1076.0
1960.0
1015.0
709.0
1916.0
1961.0
2598.0
1449.0
332.0
1892.0
184.0
1076.0
1892.0
1391.0
1916.0
314.0
1015.0
1122.0
1315.0
51.0
84.0
1015.0
1452.0
789.0
1309.0
1806.0
2059.0
834.0
1298.0
1971.0
2655.0
1436.0
2858.0
118.0
618.0
1230.0
373.0
1015.0
184.0
375.0
859.0
332.0
607.0
424.0
2647.0
1907.0
1916.0
1808.0
658.0
790.0
1407.0
373.0
1366.0
635.0
1795.0
1097.0
1051.0
1015.0
1892.0
910.0
1015.0
1230.0
373.0
484.0
1095.0
2901.0
1230.0
2830.0
1712.0
2028.0
1076.0
220.0
3027.0
2901.0
1907.0
1230.0
78.0
1122.0
748.0
347.0
2916.0
1526.0
84.0
1961.0
1907.0
347.0
373.0
1402.0
658.0
748.0
1052.0
1076.0
1015.0
2598.0
84.0
159.0
1931.0
617.0
1907.0
1892.0
1015.0
722.0
373.0
1960.0
329.0
1916.0
1407.0
1222.0
2598.0
373.0
484.0
1892.0
424.0
918.0
1230.0
1916.0
824.0
1015.0
332.0
484.0
1597.0
2.0
766.0
1230.0
1892.0
1015.0
1960.0
356.0
3192.0
790.0
1407.0
373.0
1366.0
635.0
375.0
2327.0
1924.0
2031.0
2893.0
1230.0
373.0
1892.0
1015.0
332.0
3262.0
2606.0
2629.0
2.0
1916.0
65.0
1076.0
1391.0
970.0
184.0
2606.0
373.0
1015.0
1218.0
2028.0
709.0
1015.0
152.0
2.0
399.0
1907.0
671.0
2606.0
1960.0
682.0
347.0
2598.0
408.0
1076.0
1015.0
84.0
484.0
1960.0
1983.0
184.0
65.0
784.0
1346.0
2.0
2203.0
2879.0
1246.0
354.0
210.0
560.0
709.0
365.0
2707.0
1298.0
2606.0
1960.0
1015.0
332.0
1582.0
84.0
39.0
1122.0
1230.0
373.0
1015.0
424.0
422.0
2673.0
1693.0
393.0
2509.0
312.0
332.0
1015.0
635.0
1971.0
168.0
3121.0
1140.0
1792.0
51.0
373.0
1015.0
332.0
1892.0
1298.0
1971.0
3319.0
263.0
860.0
930.0
1230.0
373.0
1892.0
709.0
1049.0
784.0
560.0
1943.0
1230.0
373.0
1015.0
2.0
332.0
709.0
1892.0
166.0
1122.0
2598.0
1002.0
314.0
444.0
1015.0
766.0
4.0
1395.0
3073.0
1220.0
383.0
1892.0
709.0
2063.0
356.0
958.0
970.0
2633.0
424.0
705.0
560.0
1960.0
2606.0
748.0
2.0
853.0
356.0
484.0
1122.0
51.0
39.0
2.0
1052.0
422.0
65.0
484.0
1916.0
188.0
1015.0
2067.0
1892.0
3.0
113.0
356.0
2829.0
1393.0
1199.0
424.0
1122.0
51.0
39.0
2.0
1052.0
422.0
65.0
484.0
1916.0
188.0
1015.0
2067.0
1892.0
3.0
113.0
356.0
2829.0
1393.0
1199.0
424.0
1122.0
2.0
1015.0
332.0
1892.0
1076.0
84.0
696.0
396.0
1907.0
1230.0
1015.0
748.0
373.0
2528.0
2.0
373.0
484.0
1015.0
332.0
748.0
2.0
1015.0
332.0
1597.0
373.0
356.0
1230.0
332.0
424.0
1015.0
671.0
3.0
3019.0
152.0
824.0
2363.0
229.0
188.0
1230.0
1449.0
422.0
1015.0
922.0
373.0
1230.0
1015.0
1907.0
2460.0
65.0
1230.0
373.0
2.0
1076.0
1015.0
388.0
1391.0
759.0
1258.0
355.0
761.0
12.0
369.0
1850.0
472.0
169.0
1999.0
1892.0
1015.0
2606.0
373.0
1941.0
671.0
784.0
592.0
2531.0
3.0
2409.0
2823.0
1405.0
1986.0
1789.0
958.0
262.0
1528.0
1015.0
263.0
748.0
356.0
972.0
484.0
1960.0
671.0
1395.0
784.0
1810.0
414.0
1597.0
332.0
748.0
356.0
292.0
2242.0
263.0
2829.0
1090.0
65.0
373.0
2.0
457.0
1892.0
383.0
1015.0
1076.0
1020.0
709.0
356.0
2073.0
39.0
2.0
84.0
1793.0
422.0
1971.0
424.0
188.0
1230.0
373.0
332.0
671.0
2877.0
3073.0
958.0
1199.0
1015.0
748.0
2.0
1015.0
332.0
1907.0
748.0
373.0
1402.0
709.0
1892.0
748.0
2.0
1015.0
332.0
1597.0
383.0
1892.0
373.0
1230.0
709.0
2.0
1218.0
356.0
3219.0
1907.0
65.0
2644.0
519.0
1015.0
1230.0
373.0
1218.0
2655.0
743.0
514.0
2205.0
1948.0
2890.0
2709.0
1011.0
835.0
726.0
169.0
2489.0
863.0
375.0
1425.0
72.0
926.0
2633.0
3325.0
2709.0
1878.0
854.0
1977.0
2962.0
1015.0
2.0
1596.0
784.0
1346.0
560.0
2535.0
332.0
1076.0
810.0
709.0
67.0
523.0
970.0
952.0
218.0
127.0
332.0
790.0
356.0
3090.0
484.0
748.0
1943.0
1230.0
1015.0
1892.0
456.0
2.0
373.0
790.0
356.0
1052.0
484.0
1076.0
1015.0
67.0
1230.0
373.0
2028.0
369.0
709.0
1894.0
1222.0
1015.0
1916.0
2647.0
424.0
1960.0
2606.0
332.0
1425.0
84.0
1015.0
1230.0
1907.0
65.0
121.0
1961.0
784.0
1076.0
970.0
1218.0
2606.0
1960.0
332.0
1015.0
1916.0
484.0
1960.0
1892.0
1015.0
2194.0
1980.0
2115.0
424.0
1449.0
2.0
422.0
2910.0
442.0
301.0
1298.0
1971.0
286.0
744.0
929.0
1122.0
2598.0
1002.0
314.0
444.0
1230.0
373.0
2.0
383.0
2320.0
356.0
424.0
188.0
1892.0
3.0
1916.0
2336.0
184.0
709.0
1113.0
1230.0
373.0
332.0
1015.0
1892.0
84.0
39.0
17.0
1076.0
1916.0
65.0
454.0
3319.0
263.0
860.0
1818.0
1678.0
1214.0
1449.0
2403.0
1882.0
637.0
332.0
373.0
1015.0
1122.0
2.0
1916.0
1808.0
782.0
484.0
1960.0
1907.0
709.0
1892.0
332.0
918.0
188.0
424.0
824.0
1678.0
1894.0
1795.0
2.0
1015.0
332.0
2717.0
152.0
147.0
860.0
1818.0
1449.0
373.0
2606.0
1892.0
1309.0
2170.0
1452.0
424.0
1768.0
824.0
789.0
301.0
453.0
188.0
918.0
1015.0
332.0
2343.0
709.0
1082.0
2327.0
1907.0
1222.0
744.0
202.0
929.0
1421.0
835.0
3215.0
1806.0
2357.0
1916.0
1971.0
1344.0
1425.0
1961.0
1230.0
1015.0
1892.0
184.0
84.0
2374.0
1907.0
39.0
1388.0
2383.0
118.0
1438.0
10.0
1070.0
31.0
2861.0
890.0
1222.0
2910.0
2474.0
468.0
1449.0
1230.0
373.0
65.0
1148.0
2779.0
1452.0
3252.0
1660.0
375.0
541.0
1231.0
1218.0
1228.0
813.0
2196.0
859.0
525.0
789.0
1806.0
2357.0
2184.0
238.0
751.0
1852.0
2386.0
2655.0
1894.0
130.0
348.0
1769.0
2748.0
1309.0
1452.0
424.0
2039.0
2374.0
3215.0
1971.0
176.0
3176.0
337.0
966.0
834.0
1502.0
2829.0
211.0
593.0
245.0
2981.0
508.0
2327.0
883.0
340.0
1098.0
3102.0
1015.0
148.0
356.0
65.0
1961.0
886.0
130.0
709.0
184.0
373.0
1230.0
1015.0
1892.0
1916.0
332.0
1649.0
563.0
901.0
1015.0
184.0
748.0
1864.0
1961.0
1315.0
51.0
1960.0
1076.0
2606.0
853.0
1907.0
1015.0
3073.0
2499.0
471.0
1218.0
1052.0
1076.0
2598.0
373.0
1230.0
373.0
332.0
1015.0
1892.0
709.0
424.0
188.0
373.0
1230.0
1015.0
1892.0
347.0
2008.0
184.0
1230.0
373.0
1015.0
1892.0
786.0
1575.0
1787.0
369.0
2742.0
356.0
48.0
1449.0
2606.0
936.0
616.0
179.0
1048.0
1449.0
1015.0
373.0
1916.0
748.0
373.0
1230.0
1015.0
332.0
2.0
484.0
2697.0
332.0
1597.0
1015.0
573.0
748.0
1961.0
51.0
1076.0
709.0
184.0
1230.0
373.0
1892.0
1015.0
1425.0
2.0
748.0
373.0
1230.0
332.0
412.0
292.0
223.0
2606.0
373.0
332.0
2.0
3243.0
380.0
51.0
39.0
484.0
1015.0
1892.0
748.0
1230.0
1015.0
1597.0
1425.0
373.0
853.0
901.0
626.0
1230.0
1076.0
184.0
373.0
218.0
444.0
1076.0
1218.0
1660.0
1907.0
1015.0
67.0
130.0
1572.0
1907.0
1076.0
314.0
1122.0
1065.0
551.0
342.0
2967.0
1069.0
2754.0
1122.0
1907.0
184.0
1015.0
433.0
130.0
2456.0
2932.0
1741.0
204.0
686.0
1490.0
3254.0
1869.0
1943.0
2253.0
164.0
67.0
279.0
1230.0
2.0
373.0
356.0
1015.0
1892.0
1916.0
1391.0
970.0
383.0
1015.0
332.0
1892.0
1391.0
1916.0
1961.0
2606.0
3.0
1960.0
356.0
709.0
424.0
709.0
1892.0
1230.0
373.0
1916.0
1391.0
1015.0
332.0
347.0
484.0
2804.0
1792.0
2685.0
347.0
424.0
1076.0
84.0
1425.0
709.0
2312.0
1892.0
709.0
1230.0
373.0
1015.0
2467.0
2.0
1116.0
578.0
424.0
1971.0
3192.0
422.0
1222.0
2829.0
3309.0
243.0
1015.0
1892.0
1864.0
1838.0
3187.0
784.0
560.0
128.0
123.0
2866.0
2535.0
1505.0
2241.0
1873.0
784.0
1357.0
1961.0
444.0
116.0
1892.0
115.0
2606.0
1960.0
1015.0
1892.0
1907.0
1076.0
84.0
1122.0
1222.0
502.0
356.0
65.0
373.0
1230.0
1076.0
833.0
744.0
1892.0
373.0
184.0
356.0
2746.0
3235.0
269.0
918.0
424.0
373.0
853.0
1230.0
1015.0
560.0
967.0
375.0
224.0
534.0
1370.0
1122.0
2158.0
369.0
1230.0
373.0
1015.0
406.0
1395.0
560.0
228.0
784.0
356.0
3.0
2.0
332.0
1127.0
2.0
373.0
1230.0
1015.0
682.0
347.0
2598.0
408.0
1076.0
1015.0
84.0
484.0
1960.0
1983.0
184.0
65.0
784.0
1346.0
2.0
2203.0
2879.0
1246.0
354.0
210.0
560.0
709.0
365.0
2707.0
1298.0
502.0
1052.0
332.0
1892.0
373.0
784.0
1395.0
1961.0
2.0
560.0
2462.0
1779.0
332.0
748.0
1955.0
292.0
1973.0
184.0
766.0
697.0
3280.0
672.0
422.0
1792.0
2685.0
229.0
2515.0
2.0
373.0
356.0
1230.0
1015.0
766.0
784.0
1346.0
958.0
263.0
1214.0
922.0
373.0
484.0
373.0
1230.0
1076.0
1015.0
412.0
1916.0
2606.0
1960.0
2.0
184.0
292.0
223.0
263.0
860.0
248.0
1795.0
1097.0
1051.0
1015.0
1892.0
184.0
65.0
1678.0
263.0
1402.0
2906.0
188.0
2456.0
1015.0
2606.0
373.0
1076.0
1015.0
1116.0
2246.0
230.0
1916.0
1230.0
1015.0
1892.0
1916.0
2598.0
1154.0
709.0
1303.0
1262.0
263.0
39.0
84.0
314.0
1015.0
1960.0
484.0
1892.0
1076.0
784.0
1155.0
558.0
1655.0
824.0
332.0
1449.0
658.0
1218.0
1230.0
263.0
84.0
65.0
3273.0
1076.0
1015.0
1230.0
373.0
1892.0
184.0
3336.0
1907.0
853.0
1298.0
1624.0
525.0
1341.0
412.0
1097.0
1051.0
1076.0
354.0
412.0
484.0
1960.0
424.0
332.0
2.0
1015.0
1892.0
3013.0
383.0
787.0
1790.0
748.0
628.0
3186.0
1531.0
2844.0
1199.0
955.0
356.0
312.0
2169.0
1011.0
1230.0
373.0
51.0
39.0
777.0
373.0
1961.0
1122.0
748.0
373.0
1015.0
332.0
373.0
790.0
2397.0
635.0
1230.0
681.0
2989.0
3051.0
484.0
1960.0
424.0
332.0
2.0
1015.0
1892.0
3013.0
383.0
787.0
1790.0
748.0
628.0
3186.0
1531.0
2844.0
1199.0
955.0
356.0
312.0
2169.0
1011.0
1230.0
373.0
51.0
39.0
777.0
373.0
1961.0
1122.0
748.0
373.0
1015.0
332.0
373.0
790.0
2397.0
635.0
1230.0
681.0
2989.0
3051.0
748.0
1230.0
1015.0
1133.0
1425.0
1122.0
152.0
375.0
824.0
789.0
1122.0
314.0
1392.0
356.0
1230.0
1015.0
1597.0
332.0
2.0
484.0
369.0
2028.0
219.0
1713.0
309.0
506.0
3283.0
2055.0
2598.0
1892.0
552.0
1452.0
2203.0
2929.0
1961.0
886.0
130.0
709.0
184.0
373.0
1230.0
1015.0
1892.0
1916.0
332.0
2.0
484.0
1015.0
332.0
1597.0
356.0
1892.0
484.0
1015.0
424.0
1892.0
2.0
1015.0
1230.0
824.0
188.0
918.0
709.0
424.0
748.0
853.0
332.0
709.0
1892.0
2374.0
84.0
1340.0
2563.0
1905.0
1569.0
932.0
876.0
584.0
1808.0
3111.0
2827.0
1777.0
245.0
36.0
1654.0
1404.0
425.0
1832.0
2341.0
2341.0
13.0
1736.0
1818.0
705.0
2.0
373.0
1894.0
84.0
1425.0
65.0
373.0
1392.0
1907.0
1052.0
220.0
84.0
121.0
115.0
65.0
810.0
347.0
184.0
116.0
1230.0
373.0
91.0
2.0
1015.0
332.0
1961.0
1892.0
2312.0
354.0
709.0
1011.0
1196.0
2330.0
218.0
2598.0
100.0
191.0
3019.0
424.0
1642.0
263.0
356.0
1331.0
1907.0
524.0
1122.0
1015.0
1971.0
2.0
373.0
1230.0
1015.0
332.0
1449.0
789.0
314.0
1320.0
405.0
1583.0
468.0
2615.0
1298.0
1971.0
1303.0
2655.0
1076.0
314.0
184.0
1224.0
1015.0
332.0
24.0
1907.0
1575.0
1230.0
373.0
2763.0
1449.0
743.0
375.0
658.0
2329.0
1404.0
859.0
2816.0
424.0
918.0
188.0
1230.0
1960.0
292.0
1015.0
2606.0
1449.0
1751.0
3197.0
184.0
1015.0
2606.0
373.0
709.0
332.0
2870.0
1897.0
3131.0
1449.0
263.0
860.0
1655.0
196.0
2917.0
1818.0
3319.0
1015.0
332.0
1892.0
2606.0
1960.0
1002.0
2717.0
853.0
84.0
1214.0
2532.0
1015.0
1892.0
84.0
709.0
2102.0
748.0
65.0
1052.0
2475.0
484.0
1971.0
2606.0
748.0
853.0
484.0
112.0
1892.0
1449.0
39.0
2988.0
184.0
1076.0
1015.0
1892.0
1407.0
709.0
1892.0
1015.0
2606.0
1960.0
1892.0
184.0
2.0
424.0
188.0
3.0
1264.0
136.0
709.0
560.0
356.0
705.0
2497.0
1449.0
762.0
748.0
2598.0
373.0
356.0
1230.0
2816.0
2606.0
1960.0
332.0
3219.0
2778.0
1230.0
373.0
332.0
1892.0
271.0
1298.0
1449.0
184.0
1015.0
1122.0
51.0
39.0
2.0
84.0
1230.0
373.0
1960.0
2606.0
1015.0
332.0
1892.0
1907.0
709.0
584.0
1971.0
1298.0
1122.0
373.0
853.0
484.0
424.0
1015.0
1076.0
1916.0
2635.0
1198.0
130.0
1964.0
2270.0
84.0
65.0
2164.0
3349.0
1792.0
2685.0
1880.0
1154.0
1468.0
1015.0
1892.0
671.0
1076.0
709.0
99.0
1263.0
2598.0
365.0
375.0
1971.0
3181.0
2127.0
3172.0
1916.0
2806.0
3192.0
2434.0
424.0
705.0
188.0
3235.0
1230.0
373.0
1892.0
1015.0
453.0
1230.0
1960.0
1015.0
1597.0
748.0
332.0
184.0
1892.0
709.0
2.0
484.0
1960.0
748.0
1015.0
424.0
1916.0
1449.0
1892.0
1230.0
1315.0
228.0
356.0
484.0
1015.0
1971.0
1892.0
1015.0
332.0
2.0
312.0
1001.0
2571.0
84.0
1015.0
1907.0
484.0
1116.0
766.0
347.0
1076.0
484.0
1015.0
2.0
484.0
332.0
1892.0
1407.0
1218.0
935.0
3206.0
113.0
373.0
1892.0
1288.0
1015.0
332.0
1597.0
373.0
66.0
1425.0
2732.0
1230.0
2706.0
2639.0
2246.0
748.0
2774.0
1808.0
137.0
1520.0
709.0
439.0
1011.0
51.0
39.0
84.0
777.0
263.0
1449.0
1015.0
783.0
2591.0
1218.0
373.0
1230.0
1015.0
332.0
1015.0
1230.0
373.0
1015.0
784.0
766.0
1076.0
748.0
373.0
1230.0
332.0
1052.0
1907.0
1993.0
3067.0
2374.0
2.0
373.0
228.0
1230.0
1015.0
495.0
1018.0
373.0
789.0
1230.0
1327.0
479.0
2925.0
2155.0
1801.0
3171.0
356.0
484.0
1015.0
1892.0
3206.0
347.0
1076.0
422.0
2606.0
1892.0
1122.0
39.0
2465.0
748.0
1961.0
286.0
373.0
356.0
1015.0
1214.0
484.0
332.0
1892.0
1960.0
1391.0
1916.0
2940.0
1015.0
1230.0
373.0
292.0
446.0
1346.0
2980.0
766.0
784.0
332.0
914.0
1907.0
228.0
356.0
3260.0
578.0
65.0
373.0
2.0
457.0
1892.0
383.0
1015.0
1076.0
1020.0
709.0
356.0
2073.0
347.0
84.0
1096.0
1076.0
1892.0
1015.0
332.0
2606.0
1960.0
1907.0
1660.0
1230.0
373.0
3124.0
424.0
1297.0
782.0
1420.0
1015.0
1999.0
1892.0
1015.0
2606.0
373.0
152.0
824.0
2363.0
229.0
188.0
1230.0
1449.0
422.0
1015.0
1015.0
1892.0
373.0
1230.0
147.0
1597.0
748.0
1076.0
484.0
1015.0
332.0
709.0
1076.0
747.0
1264.0
362.0
218.0
395.0
191.0
2499.0
1264.0
691.0
484.0
1960.0
1015.0
332.0
1011.0
709.0
1076.0
1425.0
748.0
65.0
1052.0
1808.0
2316.0
1916.0
184.0
1076.0
84.0
1015.0
2184.0
1230.0
1907.0
65.0
1892.0
373.0
369.0
51.0
39.0
84.0
777.0
1572.0
766.0
1230.0
1892.0
1015.0
1960.0
356.0
3192.0
263.0
824.0
332.0
424.0
373.0
1407.0
1222.0
2598.0
373.0
484.0
1892.0
424.0
918.0
1230.0
1916.0
824.0
263.0
918.0
424.0
860.0
1818.0
1122.0
748.0
347.0
2916.0
1526.0
1892.0
1404.0
1407.0
1214.0
2606.0
1960.0
1015.0
766.0
1907.0
356.0
113.0
424.0
585.0
332.0
332.0
1892.0
484.0
286.0
2368.0
1015.0
67.0
130.0
1572.0
1907.0
1076.0
314.0
1122.0
1065.0
551.0
342.0
2967.0
1069.0
2754.0
1122.0
1907.0
184.0
1015.0
433.0
130.0
2456.0
2932.0
1741.0
204.0
686.0
1490.0
3254.0
1869.0
1943.0
2253.0
164.0
67.0
279.0
271.0
1298.0
1449.0
184.0
1015.0
1015.0
65.0
1076.0
1230.0
1960.0
314.0
1892.0
84.0
39.0
1443.0
2.0
373.0
356.0
1230.0
1015.0
766.0
784.0
1346.0
958.0
3071.0
184.0
373.0
1230.0
2755.0
1971.0
1892.0
1015.0
332.0
2.0
312.0
1001.0
2571.0
2374.0
84.0
39.0
424.0
2683.0
2606.0
1960.0
1425.0
1015.0
121.0
332.0
748.0
1298.0
1971.0
1303.0
682.0
1597.0
1492.0
3239.0
369.0
144.0
970.0
2633.0
220.0
2357.0
1891.0
1015.0
2031.0
1435.0
2668.0
2852.0
1449.0
1344.0
1251.0
1958.0
1423.0
376.0
1891.0
1230.0
1015.0
373.0
59.0
2374.0
84.0
3136.0
1892.0
709.0
1122.0
1943.0
524.0
356.0
484.0
1015.0
1892.0
3206.0
1122.0
1943.0
524.0
2.0
484.0
2697.0
332.0
1597.0
1230.0
1015.0
1892.0
1916.0
375.0
859.0
3028.0
2327.0
1924.0
709.0
1892.0
2597.0
2.0
901.0
1315.0
2.0
1892.0
1407.0
1222.0
681.0
2989.0
3051.0
709.0
1892.0
1230.0
373.0
1916.0
1391.0
1015.0
332.0
1127.0
2.0
373.0
1230.0
1015.0
84.0
524.0
2020.0
332.0
1230.0
373.0
1660.0
408.0
1425.0
369.0
1624.0
84.0
524.0
2020.0
332.0
1230.0
373.0
1660.0
408.0
1425.0
369.0
1624.0
1971.0
422.0
1298.0
373.0
1052.0
1230.0
1015.0
709.0
422.0
1230.0
373.0
1916.0
1892.0
1298.0
1318.0
973.0
229.0
422.0
1230.0
373.0
1916.0
1892.0
1298.0
1318.0
973.0
229.0
2606.0
1960.0
1892.0
1015.0
1391.0
748.0
709.0
356.0
1916.0
1806.0
789.0
573.0
1309.0
424.0
918.0
188.0
2424.0
169.0
495.0
2263.0
567.0
771.0
2474.0
496.0
1572.0
169.0
1907.0
473.0
1960.0
614.0
748.0
84.0
342.0
369.0
162.0
2021.0
289.0
2744.0
1849.0
1230.0
3.0
1916.0
332.0
1892.0
1971.0
1230.0
373.0
1015.0
1892.0
709.0
424.0
188.0
918.0
1961.0
332.0
3019.0
2586.0
2456.0
2589.0
1088.0
347.0
876.0
810.0
405.0
373.0
356.0
263.0
444.0
1052.0
824.0
1806.0
263.0
444.0
1052.0
824.0
1806.0
1892.0
1015.0
332.0
424.0
2606.0
184.0
112.0
1076.0
709.0
1230.0
373.0
1960.0
207.0
314.0
65.0
1940.0
1122.0
51.0
39.0
84.0
332.0
1122.0
51.0
39.0
84.0
332.0
1961.0
1052.0
1015.0
332.0
223.0
65.0
1052.0
1230.0
1907.0
424.0
3192.0
1907.0
373.0
1052.0
1015.0
1892.0
1015.0
1892.0
2606.0
373.0
1230.0
1425.0
1222.0
1907.0
1015.0
332.0
1961.0
2.0
424.0
373.0
1819.0
790.0
2397.0
635.0
1096.0
1015.0
1892.0
1907.0
1230.0
373.0
1076.0
916.0
1076.0
1015.0
2606.0
373.0
347.0
3068.0
1076.0
1892.0
84.0
1451.0
1015.0
332.0
748.0
1425.0
373.0
1961.0
64.0
218.0
1376.0
1221.0
560.0
709.0
1011.0
247.0
1218.0
1154.0
2440.0
3184.0
784.0
1943.0
1530.0
2536.0
1561.0
953.0
646.0
389.0
347.0
2185.0
405.0
444.0
373.0
1076.0
1015.0
2606.0
373.0
347.0
1052.0
1392.0
100.0
100.0
1076.0
130.0
1179.0
1052.0
1392.0
100.0
100.0
1076.0
130.0
1179.0
2947.0
1892.0
1015.0
1230.0
373.0
709.0
2.0
1015.0
1392.0
789.0
626.0
2.0
1015.0
1392.0
789.0
626.0
748.0
1943.0
373.0
853.0
1076.0
444.0
373.0
1230.0
1015.0
709.0
1076.0
2533.0
2374.0
1230.0
121.0
1214.0
1452.0
834.0
25.0
2218.0
525.0
3117.0
1364.0
1449.0
1122.0
347.0
1961.0
2598.0
444.0
1247.0
2193.0
2606.0
1960.0
1015.0
332.0
671.0
347.0
373.0
1230.0
1076.0
332.0
184.0
709.0
427.0
314.0
219.0
2383.0
118.0
1438.0
10.0
1070.0
31.0
2861.0
890.0
1222.0
2910.0
2474.0
468.0
1449.0
1230.0
373.0
65.0
1148.0
2779.0
1452.0
3252.0
1660.0
375.0
541.0
1231.0
1218.0
1228.0
813.0
2196.0
859.0
525.0
789.0
1806.0
2357.0
2184.0
238.0
751.0
1852.0
2386.0
2655.0
1894.0
130.0
348.0
1769.0
2748.0
1309.0
1452.0
424.0
2039.0
2374.0
3215.0
1971.0
176.0
3176.0
337.0
966.0
834.0
1502.0
2829.0
211.0
593.0
245.0
2981.0
508.0
2327.0
883.0
340.0
1098.0
3102.0
1892.0
2606.0
1015.0
1264.0
1960.0
332.0
709.0
376.0
1264.0
2870.0
1897.0
3131.0
1449.0
1230.0
484.0
1015.0
332.0
373.0
1122.0
51.0
39.0
84.0
1015.0
1230.0
1015.0
332.0
1792.0
2685.0
1214.0
922.0
484.0
1407.0
1222.0
65.0
1052.0
573.0
424.0
1892.0
2.0
356.0
484.0
1015.0
332.0
383.0
420.0
1960.0
1015.0
332.0
1892.0
709.0
383.0
958.0
356.0
2.0
373.0
375.0
1230.0
1924.0
1971.0
1298.0
1916.0
1449.0
424.0
422.0
1052.0
709.0
2233.0
2598.0
910.0
528.0
655.0
2489.0
1631.0
526.0
84.0
1015.0
1122.0
373.0
375.0
1230.0
1924.0
1218.0
709.0
184.0
833.0
317.0
636.0
2207.0
2222.0
424.0
237.0
51.0
39.0
314.0
1230.0
777.0
2819.0
1015.0
560.0
3340.0
2819.0
1015.0
560.0
3340.0
373.0
1230.0
1015.0
332.0
1907.0
51.0
1425.0
1892.0
2474.0
1318.0
2683.0
1449.0
1452.0
422.0
1971.0
1298.0
629.0
1303.0
422.0

