84
1907
1015
1892
1076
65
2374
84
1907
1015
1892
1076
65
2374
84
1907
1015
1892
1076
65
2374
184
901
1015
411
2598
365
1892
1230
373
1076
860
424
373
2606
1015
2
373
2606
1015
2
373
2606
1015
2
373
2606
1015
2
263
373
789
1230
1892
709
1230
2606
1015
332
424
373
1089
2598
1218
206
2333
2812
2745
583
2633
3131
577
1971
1298
422
2498
1452
2655
788
1449
1892
1015
332
709
2248
1614
3
890
1894
356
183
2829
671
424
188
918
3019
3256
1710
1048
48
1544
3088
1892
709
1230
373
901
184
332
1015
1081
2481
860
2320
3108
578
99
1636
2187
1214
373
1230
1015
332
767
184
1015
748
356
1122
573
2
1214
922
1230
373
1015
332
2
1892
709
2476
424
188
918
1678
1916
584
524
84
65
220
784
1961
749
332
1230
1015
373
1892
1916
2357
877
406
292
223
263
196
860
2606
1960
314
184
3331
1015
3279
1916
1892
1230
373
332
1015
356
2715
3
661
226
3219
565
235
424
1401
809
1971
1298
406
671
784
365
1230
373
1015
1892
424
188
685
790
456
2606
1960
1015
332
784
292
223
356
748
1907
365
560
1916
1346
1449
3
2536
789
853
263
2
356
484
1015
1960
1892
332
1916
970
373
356
1230
332
1015
1961
766
2
585
3
1892
1443
709
1916
1391
1520
1043
356
424
188
2357
3133
484
332
1892
1015
286
2717
373
1230
1015
332
1892
1214
922
373
635
1230
2
373
356
1230
1015
748
1222
1892
356
1806
789
1309
424
188
2829
3197
2606
1960
748
373
66
1230
1015
748
1015
1597
1230
332
1788
1480
1452
2532
412
933
3054
3081
1628
709
560
1597
1298
2108
1951
1830
1164
562
1290
2146
61
1992
2
1916
1019
332
2666
184
1892
748
702
1923
584
1214
922
373
635
1230
748
1015
1597
1230
332
1960
484
2697
1183
53
1038
1230
373
1015
2
709
1892
332
2307
2007
1230
373
1015
2
709
1892
332
2307
2007
748
1052
1230
1015
1892
1122
1015
1961
84
1907
1230
373
1916
2606
1960
1892
1015
1795
184
865
1745
1892
1015
1916
383
1230
373
3
1943
1745
2188
1230
373
1015
332
1892
709
1218
99
1907
2606
2007
1960
1015
332
139
784
1907
356
671
1960
1230
1015
1892
709
130
332
1542
578
2
1644
1214
919
784
23
1218
1076
2754
1961
560
1916
2606
1960
1892
1015
1795
184
865
1745
682
767
184
1015
328
84
2246
39
524
1907
970
1961
2
2606
748
1582
319
332
1315
447
1961
2857
332
1960
1195
484
1856
84
145
2887
3026
2298
356
1863
3344
2431
1582
2166
3336
184
65
767
172
682
767
184
1015
328
84
2246
39
524
1907
970
1961
2
2606
748
1582
319
332
1315
447
1961
2857
332
1960
1195
484
1856
84
145
2887
3026
2298
356
1863
3344
2431
1582
2166
3336
184
65
767
172
1449
616
1928
1872
3318
863
48
1872
1015
1960
709
1907
1892
1298
1971
629
356
3075
1624
1020
561
375
970
1230
810
1076
1015
332
2555
1425
67
467
67
3206
484
1960
1015
332
191
1660
1303
748
1392
2973
116
115
1015
671
784
1395
3055
2975
484
373
1205
228
2965
2307
1996
1791
682
790
2470
332
1961
748
1195
1960
999
2502
1996
328
1711
3351
384
1863
1375
18
1122
1996
484
157
1582
1122
1015
1961
84
1907
1230
373
1892
1015
1916
383
1230
373
3
1943
1745
2188
356
229
188
1015
354
1996
1791
682
790
2470
332
1961
748
1195
1960
999
2502
1996
328
1711
3351
384
1863
1375
18
2673
2
373
2606
3345
1415
508
1971
1298
1122
314
373
1392
1230
1122
314
373
1392
1230
2104
1020
1742
410
2379
748
1015
332
1425
1230
748
1015
332
1425
1230
1076
810
1015
332
116
1394
354
1937
1230
1597
748
1425
709
1907
1298
373
1960
733
977
218
524
127
1624
314
356
1076
1015
709
784
1346
2456
1961
24
662
639
84
1230
1907
3206
113
484
1960
1015
332
748
1597
1101
709
383
356
166
1315
1810
912
2281
356
484
1015
332
1892
1960
2598
910
2
1892
1452
2598
910
2
1892
1452
1892
1298
1971
84
39
1015
1452
709
99
1916
2606
1960
1892
1222
2829
2316
3195
1781
332
3
2876
3243
3007
1892
1015
1230
373
1960
2606
784
1678
709
1943
2598
1263
1916
748
1230
1076
1015
332
709
1892
1425
332
1355
709
748
1015
373
314
84
65
1581
756
1907
1859
147
1425
1122
39
332
2467
845
69
203
69
291
1005
60
1806
789
573
1309
263
378
824
2363
142
2371
1479
1226
1833
1165
502
1218
2207
2574
659
2316
2316
1298
422
2773
703
1298
422
2773
703
1126
610
789
616
48
1015
2685
2
901
1792
1549
1796
112
1892
671
1725
1391
3336
1015
412
2312
2150
1449
1795
1907
726
1230
1230
1960
1916
705
1222
2336
1298
824
424
332
1015
1892
709
1449
3250
366
1401
188
1391
1155
782
1375
266
970
1122
2880
1917
748
51
1230
1960
1916
705
1222
2336
1298
824
424
332
1015
1892
709
1449
3250
366
1401
188
1391
1155
782
1375
266
970
1218
502
7
1892
709
1076
112
373
1015
65
1245
1052
693
780
1900
1916
1678
184
406
383
709
136
1687
2007
1892
1015
1907
373
1960
709
422
332
2276
3
1015
332
1743
406
84
671
2320
356
113
1230
1960
422
1230
373
1015
332
1892
709
1916
1415
1916
2606
1960
1892
1015
263
860
2423
196
1655
356
906
770
3
1892
1015
1907
373
1960
709
422
332
2276
1230
373
1015
784
1892
709
560
65
84
184
65
1015
1230
373
1892
1907
512
1076
1122
709
2967
1011
3199
1400
68
2481
584
968
748
1052
1076
1015
356
3
3206
113
709
1015
1230
1960
1264
1116
2467
1076
65
147
1916
1678
184
406
383
709
136
1687
2007
1892
709
1230
2606
373
1960
1015
332
1916
980
1155
824
1391
1218
99
748
1961
2598
2
373
373
1230
1015
709
2156
373
1892
709
1961
332
1015
566
1702
1892
399
1218
139
502
1230
373
1015
784
1892
709
560
65
84
184
373
2091
139
1392
1015
1122
51
39
84
777
1122
51
39
84
777
748
1961
2598
2
373
766
1015
784
2606
1960
1892
709
1076
2
560
51
39
84
2528
777
748
314
373
1230
1076
84
39
627
1052
65
901
1076
1015
1392
1015
332
184
2685
130
2606
1960
1122
51
39
1015
777
522
2016
1015
332
116
1961
136
766
1230
1011
512
62
1597
373
1364
748
484
1015
332
1907
1015
1907
748
484
332
748
1230
1015
1792
2685
748
1052
2697
332
1792
115
1907
1011
502
977
51
39
84
777
1907
399
373
1230
1015
1907
1892
112
381
3050
1384
1015
373
1230
412
604
347
1076
1218
1230
373
1015
1214
2
332
1892
184
1449
1230
373
1015
1214
2
332
1892
184
1449
748
2
373
1015
1597
1015
332
748
412
66
1230
1015
332
484
748
748
373
1230
1015
332
39
2
84
901
1015
413
1907
1572
342
220
2414
1892
1907
1572
342
220
2414
1892
775
484
1960
1015
2
1955
84
406
2
373
1230
1076
1015
332
184
709
784
228
1346
560
1015
1230
373
292
446
1346
2980
766
784
332
914
1907
228
356
3260
578
422
1792
2685
229
2515
1015
1230
373
347
1076
784
65
709
560
332
1346
356
1391
1961
748
2
2957
373
332
84
1052
116
709
115
223
2063
1015
332
1892
1230
373
1916
2954
424
188
1157
789
1230
2443
3014
1230
1015
332
1792
2685
1122
51
39
1052
1011
748
2
1015
332
1907
2606
1960
1015
332
1582
84
39
1122
2722
184
709
356
3274
2203
1263
402
1388
1960
1015
484
1907
1076
184
1892
314
65
84
332
784
709
84
1907
1122
2899
1859
220
184
3336
2365
1230
1960
1076
1015
332
932
1236
65
354
356
970
84
1907
1122
2899
1859
1015
1597
332
2
484
1973
1015
2606
373
292
365
1907
2980
347
1076
422
2606
1892
1122
39
2465
2652
2410
1076
65
853
84
1582
332
1122
1230
1015
373
2102
850
2591
2356
221
119
2357
2
484
332
1892
1407
1402
658
373
1052
1230
1015
332
1892
347
1076
1122
1015
1402
263
1214
922
373
484
748
1230
1015
1597
1425
184
65
314
112
1076
1015
373
1230
1218
356
970
1015
84
1122
1230
373
2256
2
1015
784
2499
628
198
1907
1810
48
1048
678
740
2357
1449
742
437
375
2157
270
2464
3308
3016
83
1218
1052
1076
2598
373
1015
573
748
1961
51
292
223
2606
373
332
2
3243
380
347
824
1916
188
424
223
2
484
1015
332
1597
444
1076
1218
1660
1907
1015
484
373
1076
1892
1916
1391
424
3284
1076
184
2247
3229
1907
2953
78
1015
970
72
44
314
1230
2905
930
3336
3130
1127
2536
91
1230
1298
373
332
1015
2829
2316
1892
1907
3131
220
1236
2245
484
1015
748
1960
1425
1949
2095
737
709
587
1155
2810
824
606
137
1052
373
332
1892
1230
1015
1916
748
484
1015
332
1907
1449
1392
3235
1850
373
1015
1572
1907
342
3219
1907
65
2644
519
1015
1230
373
1218
2655
743
514
2205
1948
2890
2709
1011
835
726
169
2489
863
375
1425
72
926
2633
3325
2709
1878
854
1296
1961
2243
65
126
2606
1076
1960
1015
709
1916
1961
2598
1449
332
1892
184
1076
1892
1391
1916
314
1015
1122
1315
51
84
1015
1452
789
1309
1806
2059
834
1298
1971
2655
1436
2858
118
618
1230
373
1015
184
375
859
332
607
424
2647
1907
1916
1808
658
790
1407
373
1366
635
1795
1097
1051
1015
1892
910
1015
1230
373
484
1095
2901
1230
2830
1712
2028
1076
220
3027
2901
1907
1230
78
1122
748
347
2916
1526
84
1961
1907
347
373
1402
658
748
1052
1076
1015
2598
84
159
1931
617
1907
1892
1015
722
373
1960
329
1916
1407
1222
2598
373
484
1892
424
918
1230
1916
824
1015
332
484
1597
2
766
1230
1892
1015
1960
356
3192
790
1407
373
1366
635
375
2327
1924
2031
2893
1230
373
1892
1015
332
3262
2606
2629
2
1916
65
1076
1391
970
184
2606
373
1015
1218
2028
709
1015
152
2
399
1907
671
2606
1960
682
347
2598
408
1076
1015
84
484
1960
1983
184
65
784
1346
2
2203
2879
1246
354
210
560
709
365
2707
1298
2606
1960
1015
332
1582
84
39
1122
1230
373
1015
424
422
2673
1693
393
2509
312
332
1015
635
1971
168
3121
1140
1792
51
373
1015
332
1892
1298
1971
3319
263
860
930
1230
373
1892
709
1049
784
560
1943
1230
373
1015
2
332
709
1892
166
1122
2598
1002
314
444
1015
766
4
1395
3073
1220
383
1892
709
2063
356
958
970
2633
424
705
560
1960
2606
748
2
853
356
484
1122
51
39
2
1052
422
65
484
1916
188
1015
2067
1892
3
113
356
2829
1393
1199
424
1122
51
39
2
1052
422
65
484
1916
188
1015
2067
1892
3
113
356
2829
1393
1199
424
1122
2
1015
332
1892
1076
84
696
396
1907
1230
1015
748
373
2528
2
373
484
1015
332
748
2
1015
332
1597
373
356
1230
332
424
1015
671
3
3019
152
824
2363
229
188
1230
1449
422
1015
922
373
1230
1015
1907
2460
65
1230
373
2
1076
1015
388
1391
759
1258
355
761
12
369
1850
472
169
1999
1892
1015
2606
373
1941
671
784
592
2531
3
2409
2823
1405
1986
1789
958
262
1528
1015
263
748
356
972
484
1960
671
1395
784
1810
414
1597
332
748
356
292
2242
263
2829
1090
65
373
2
457
1892
383
1015
1076
1020
709
356
2073
39
2
84
1793
422
1971
424
188
1230
373
332
671
2877
3073
958
1199
1015
748
2
1015
332
1907
748
373
1402
709
1892
748
2
1015
332
1597
383
1892
373
1230
709
2
1218
356
3219
1907
65
2644
519
1015
1230
373
1218
2655
743
514
2205
1948
2890
2709
1011
835
726
169
2489
863
375
1425
72
926
2633
3325
2709
1878
854
1977
2962
1015
2
1596
784
1346
560
2535
332
1076
810
709
67
523
970
952
218
127
332
790
356
3090
484
748
1943
1230
1015
1892
456
2
373
790
356
1052
484
1076
1015
67
1230
373
2028
369
709
1894
1222
1015
1916
2647
424
1960
2606
332
1425
84
1015
1230
1907
65
121
1961
784
1076
970
1218
2606
1960
332
1015
1916
484
1960
1892
1015
2194
1980
2115
424
1449
2
422
2910
442
301
1298
1971
286
744
929
1122
2598
1002
314
444
1230
373
2
383
2320
356
424
188
1892
3
1916
2336
184
709
1113
1230
373
332
1015
1892
84
39
17
1076
1916
65
454
3319
263
860
1818
1678
1214
1449
2403
1882
637
332
373
1015
1122
2
1916
1808
782
484
1960
1907
709
1892
332
918
188
424
824
1678
1894
1795
2
1015
332
2717
152
147
860
1818
1449
373
2606
1892
1309
2170
1452
424
1768
824
789
301
453
188
918
1015
332
2343
709
1082
2327
1907
1222
744
202
929
1421
835
3215
1806
2357
1916
1971
1344
1425
1961
1230
1015
1892
184
84
2374
1907
39
1388
2383
118
1438
10
1070
31
2861
890
1222
2910
2474
468
1449
1230
373
65
1148
2779
1452
3252
1660
375
541
1231
1218
1228
813
2196
859
525
789
1806
2357
2184
238
751
1852
2386
2655
1894
130
348
1769
2748
1309
1452
424
2039
2374
3215
1971
176
3176
337
966
834
1502
2829
211
593
245
2981
508
2327
883
340
1098
3102
1015
148
356
65
1961
886
130
709
184
373
1230
1015
1892
1916
332
1649
563
901
1015
184
748
1864
1961
1315
51
1960
1076
2606
853
1907
1015
3073
2499
471
1218
1052
1076
2598
373
1230
373
332
1015
1892
709
424
188
373
1230
1015
1892
347
2008
184
1230
373
1015
1892
786
1575
1787
369
2742
356
48
1449
2606
936
616
179
1048
1449
1015
373
1916
748
373
1230
1015
332
2
484
2697
332
1597
1015
573
748
1961
51
1076
709
184
1230
373
1892
1015
1425
2
748
373
1230
332
412
292
223
2606
373
332
2
3243
380
51
39
484
1015
1892
748
1230
1015
1597
1425
373
853
901
626
1230
1076
184
373
218
444
1076
1218
1660
1907
1015
67
130
1572
1907
1076
314
1122
1065
551
342
2967
1069
2754
1122
1907
184
1015
433
130
2456
2932
1741
204
686
1490
3254
1869
1943
2253
164
67
279
1230
2
373
356
1015
1892
1916
1391
970
383
1015
332
1892
1391
1916
1961
2606
3
1960
356
709
424
709
1892
1230
373
1916
1391
1015
332
347
484
2804
1792
2685
347
424
1076
84
1425
709
2312
1892
709
1230
373
1015
2467
2
1116
578
424
1971
3192
422
1222
2829
3309
243
1015
1892
1864
1838
3187
784
560
128
123
2866
2535
1505
2241
1873
784
1357
1961
444
116
1892
115
2606
1960
1015
1892
1907
1076
84
1122
1222
502
356
65
373
1230
1076
833
744
1892
373
184
356
2746
3235
269
918
424
373
853
1230
1015
560
967
375
224
534
1370
1122
2158
369
1230
373
1015
406
1395
560
228
784
356
3
2
332
1127
2
373
1230
1015
682
347
2598
408
1076
1015
84
484
1960
1983
184
65
784
1346
2
2203
2879
1246
354
210
560
709
365
2707
1298
502
1052
332
1892
373
784
1395
1961
2
560
2462
1779
332
748
1955
292
1973
184
766
697
3280
672
422
1792
2685
229
2515
2
373
356
1230
1015
766
784
1346
958
263
1214
922
373
484
373
1230
1076
1015
412
1916
2606
1960
2
184
292
223
263
860
248
1795
1097
1051
1015
1892
184
65
1678
263
1402
2906
188
2456
1015
2606
373
1076
1015
1116
2246
230
1916
1230
1015
1892
1916
2598
1154
709
1303
1262
263
39
84
314
1015
1960
484
1892
1076
784
1155
558
1655
824
332
1449
658
1218
1230
263
84
65
3273
1076
1015
1230
373
1892
184
3336
1907
853
1298
1624
525
1341
412
1097
1051
1076
354
412
484
1960
424
332
2
1015
1892
3013
383
787
1790
748
628
3186
1531
2844
1199
955
356
312
2169
1011
1230
373
51
39
777
373
1961
1122
748
373
1015
332
373
790
2397
635
1230
681
2989
3051
484
1960
424
332
2
1015
1892
3013
383
787
1790
748
628
3186
1531
2844
1199
955
356
312
2169
1011
1230
373
51
39
777
373
1961
1122
748
373
1015
332
373
790
2397
635
1230
681
2989
3051
748
1230
1015
1133
1425
1122
152
375
824
789
1122
314
1392
356
1230
1015
1597
332
2
484
369
2028
219
1713
309
506
3283
2055
2598
1892
552
1452
2203
2929
1961
886
130
709
184
373
1230
1015
1892
1916
332
2
484
1015
332
1597
356
1892
484
1015
424
1892
2
1015
1230
824
188
918
709
424
748
853
332
709
1892
2374
84
1340
2563
1905
1569
932
876
584
1808
3111
2827
1777
245
36
1654
1404
425
1832
2341
2341
13
1736
1818
705
2
373
1894
84
1425
65
373
1392
1907
1052
220
84
121
115
65
810
347
184
116
1230
373
91
2
1015
332
1961
1892
2312
354
709
1011
1196
2330
218
2598
100
191
3019
424
1642
263
356
1331
1907
524
1122
1015
1971
2
373
1230
1015
332
1449
789
314
1320
405
1583
468
2615
1298
1971
1303
2655
1076
314
184
1224
1015
332
24
1907
1575
1230
373
2763
1449
743
375
658
2329
1404
859
2816
424
918
188
1230
1960
292
1015
2606
1449
1751
3197
184
1015
2606
373
709
332
2870
1897
3131
1449
263
860
1655
196
2917
1818
3319
1015
332
1892
2606
1960
1002
2717
853
84
1214
2532
1015
1892
84
709
2102
748
65
1052
2475
484
1971
2606
748
853
484
112
1892
1449
39
2988
184
1076
1015
1892
1407
709
1892
1015
2606
1960
1892
184
2
424
188
3
1264
136
709
560
356
705
2497
1449
762
748
2598
373
356
1230
2816
2606
1960
332
3219
2778
1230
373
332
1892
271
1298
1449
184
1015
1122
51
39
2
84
1230
373
1960
2606
1015
332
1892
1907
709
584
1971
1298
1122
373
853
484
424
1015
1076
1916
2635
1198
130
1964
2270
84
65
2164
3349
1792
2685
1880
1154
1468
1015
1892
671
1076
709
99
1263
2598
365
375
1971
3181
2127
3172
1916
2806
3192
2434
424
705
188
3235
1230
373
1892
1015
453
1230
1960
1015
1597
748
332
184
1892
709
2
484
1960
748
1015
424
1916
1449
1892
1230
1315
228
356
484
1015
1971
1892
1015
332
2
312
1001
2571
84
1015
1907
484
1116
766
347
1076
484
1015
2
484
332
1892
1407
1218
935
3206
113
373
1892
1288
1015
332
1597
373
66
1425
2732
1230
2706
2639
2246
748
2774
1808
137
1520
709
439
1011
51
39
84
777
263
1449
1015
783
2591
1218
373
1230
1015
332
1015
1230
373
1015
784
766
1076
748
373
1230
332
1052
1907
1993
3067
2374
2
373
228
1230
1015
495
1018
373
789
1230
1327
479
2925
2155
1801
3171
356
484
1015
1892
3206
347
1076
422
2606
1892
1122
39
2465
748
1961
286
373
356
1015
1214
484
332
1892
1960
1391
1916
2940
1015
1230
373
292
446
1346
2980
766
784
332
914
1907
228
356
3260
578
65
373
2
457
1892
383
1015
1076
1020
709
356
2073
347
84
1096
1076
1892
1015
332
2606
1960
1907
1660
1230
373
3124
424
1297
782
1420
1015
1999
1892
1015
2606
373
152
824
2363
229
188
1230
1449
422
1015
1015
1892
373
1230
147
1597
748
1076
484
1015
332
709
1076
747
1264
362
218
395
191
2499
1264
691
484
1960
1015
332
1011
709
1076
1425
748
65
1052
1808
2316
1916
184
1076
84
1015
2184
1230
1907
65
1892
373
369
51
39
84
777
1572
766
1230
1892
1015
1960
356
3192
263
824
332
424
373
1407
1222
2598
373
484
1892
424
918
1230
1916
824
263
918
424
860
1818
1122
748
347
2916
1526
1892
1404
1407
1214
2606
1960
1015
766
1907
356
113
424
585
332
332
1892
484
286
2368
1015
67
130
1572
1907
1076
314
1122
1065
551
342
2967
1069
2754
1122
1907
184
1015
433
130
2456
2932
1741
204
686
1490
3254
1869
1943
2253
164
67
279
271
1298
1449
184
1015
1015
65
1076
1230
1960
314
1892
84
39
1443
2
373
356
1230
1015
766
784
1346
958
3071
184
373
1230
2755
1971
1892
1015
332
2
312
1001
2571
2374
84
39
424
2683
2606
1960
1425
1015
121
332
748
1298
1971
1303
682
1597
1492
3239
369
144
970
2633
220
2357
1891
1015
2031
1435
2668
2852
1449
1344
1251
1958
1423
376
1891
1230
1015
373
59
2374
84
3136
1892
709
1122
1943
524
356
484
1015
1892
3206
1122
1943
524
2
484
2697
332
1597
1230
1015
1892
1916
375
859
3028
2327
1924
709
1892
2597
2
901
1315
2
1892
1407
1222
681
2989
3051
709
1892
1230
373
1916
1391
1015
332
1127
2
373
1230
1015
84
524
2020
332
1230
373
1660
408
1425
369
1624
84
524
2020
332
1230
373
1660
408
1425
369
1624
1971
422
1298
373
1052
1230
1015
709
422
1230
373
1916
1892
1298
1318
973
229
422
1230
373
1916
1892
1298
1318
973
229
2606
1960
1892
1015
1391
748
709
356
1916
1806
789
573
1309
424
918
188
2424
169
495
2263
567
771
2474
496
1572
169
1907
473
1960
614
748
84
342
369
162
2021
289
2744
1849
1230
3
1916
332
1892
1971
1230
373
1015
1892
709
424
188
918
1961
332
3019
2586
2456
2589
1088
347
876
810
405
373
356
263
444
1052
824
1806
263
444
1052
824
1806
1892
1015
332
424
2606
184
112
1076
709
1230
373
1960
207
314
65
1940
1122
51
39
84
332
1122
51
39
84
332
1961
1052
1015
332
223
65
1052
1230
1907
424
3192
1907
373
1052
1015
1892
1015
1892
2606
373
1230
1425
1222
1907
1015
332
1961
2
424
373
1819
790
2397
635
1096
1015
1892
1907
1230
373
1076
916
1076
1015
2606
373
347
3068
1076
1892
84
1451
1015
332
748
1425
373
1961
64
218
1376
1221
560
709
1011
247
1218
1154
2440
3184
784
1943
1530
2536
1561
953
646
389
347
2185
405
444
373
1076
1015
2606
373
347
1052
1392
100
100
1076
130
1179
1052
1392
100
100
1076
130
1179
2947
1892
1015
1230
373
709
2
1015
1392
789
626
2
1015
1392
789
626
748
1943
373
853
1076
444
373
1230
1015
709
1076
2533
2374
1230
121
1214
1452
834
25
2218
525
3117
1364
1449
1122
347
1961
2598
444
1247
2193
2606
1960
1015
332
671
347
373
1230
1076
332
184
709
427
314
219
2383
118
1438
10
1070
31
2861
890
1222
2910
2474
468
1449
1230
373
65
1148
2779
1452
3252
1660
375
541
1231
1218
1228
813
2196
859
525
789
1806
2357
2184
238
751
1852
2386
2655
1894
130
348
1769
2748
1309
1452
424
2039
2374
3215
1971
176
3176
337
966
834
1502
2829
211
593
245
2981
508
2327
883
340
1098
3102
1892
2606
1015
1264
1960
332
709
376
1264
2870
1897
3131
1449
1230
484
1015
332
373
1122
51
39
84
1015
1230
1015
332
1792
2685
1214
922
484
1407
1222
65
1052
573
424
1892
2
356
484
1015
332
383
420
1960
1015
332
1892
709
383
958
356
2
373
375
1230
1924
1971
1298
1916
1449
424
422
1052
709
2233
2598
910
528
655
2489
1631
526
84
1015
1122
373
375
1230
1924
1218
709
184
833
317
636
2207
2222
424
237
51
39
314
1230
777
2819
1015
560
3340
2819
1015
560
3340
373
1230
1015
332
1907
51
1425
1892
2474
1318
2683
1449
1452
422
1971
1298
629
1303
422
