789
2680
1635
1621
1309
1449
48
1048
375
1338
1024
2254
2250
1011
2488
2174
1907
159
2119
1449
154
1734
1968
1052
1097
1051
1452
1907
1052
1097
1051
1452
1907
412
371
1859
675
907
573
789
1449
2218
207
347
2142
2510
1096
1154
2287
1705
1326
1449
375
78
1337
139
105
1852
316
742
653
1978
1452
2249
726
1474
743
984
169
744
2102
2344
1675
2619
1907
835
2039
2914
2287
1705
1326
1449
375
78
1337
139
105
1852
316
742
653
1978
1452
2249
726
1474
743
984
169
744
2102
2344
1675
2619
1907
835
2039
2914
678
1386
789
843
2769
1767
738
1735
2252
618
311
2727
225
78
2127
1337
859
139
2329
1852
607
1452
1227
1907
744
1421
526
25
1652
695
1452
2249
494
3087
630
1023
880
1449
783
2123
2123
2474
2776
1085
2444
3322
1878
2363
424
412
1068
496
1969
335
675
371
412
1859
78
1558
807
1452
2809
583
764
719
3044
2249
3328
179
1303
1363
721
525
3175
412
139
2717
96
2885
476
207
1495
965
2258
3205
1190
220
956
2317
1452
1125
2048
1477
156
2444
3322
1878
538
1907
871
207
573
78
1480
2843
1011
2634
1255
466
1402
512
1011
2634
1255
466
1402
512
1907
573
528
1245
1652
1160
139
1572
412
3027
2119
1907
1104
1523
883
1763
789
2090
1412
2474
2145
2670
2444
2376
1878
2443
789
1309
1841
1907
207
1907
878
832
1052
2199
412
744
1052
1907
1452
3087
1183
179
1449
412
744
1052
1907
1452
3087
1183
179
1449
2104
410
412
1146
1187
1907
100
184
1076
525
2199
1449
789
1309
78
375
1337
859
525
1169
139
301
557
743
340
2846
169
1907
744
207
1259
3215
1806
1971
992
1452
2249
1245
1244
2473
970
2474
1122
1572
1907
342
369
2513
950
2998
1097
1210
970
1808
209
789
2620
726
412
1438
78
1576
1624
789
496
2443
169
1907
3043
1519
207
573
0
1808
1404
1894
2655
2558
2607
2341
93
1884
1449
1052
2199
2634
1255
466
354
1218
789
1309
1841
1907
207
1452
2249
305
2811
1907
100
184
1076
525
2199
496
169
139
744
573
1907
39
719
1087
1169
1097
1808
1011
1878
783
3041
1905
1005
1265
970
2633
3170
276
994
1168
2483
2663
2160
55
1907
1230
2374
1015
1011
1039
169
1892
2018
3157
929
1991
2102
744
2777
2079
892
2152
143
2566
333
1153
555
853
375
808
2709
1298
883
1452
71
726
924
643
604
573
2141
65
1859
853
225
573
789
780
1900
439
412
789
3027
1172
207
270
3126
1907
573
1015
220
1907
789
2374
369
1927
929
1480
719
412
169
2643
789
1230
2099
1068
1907
470
1425
1160
139
1572
412
3027
789
918
1309
1452
1907
2375
1322
2594
1567
526
573
783
1160
2199
789
51
789
1572
1907
342
573
1861
1664
34
296
789
1011
1907
1543
1806
2006
412
139
3089
744
876
1068
173
1315
831
1907
1859
2953
3135
834
1436
1048
78
1907
1094
3336
1538
496
2934
443
1449
1747
1506
496
2934
443
1449
1747
1506
356
354
496
21
3275
356
354
496
21
3275
1907
851
139
2049
451
525
207
789
496
169
1122
1245
464
1076
1449
1402
1245
464
1076
1449
1402
3044
1074
719
1452
325
348
400
622
1978
1624
489
970
1298
1303
2709
3325
1558
902
2633
1425
354
77
1837
1011
3170
65
2515
833
1907
3336
1282
1449
2037
1449
1808
1449
1808
1302
1556
783
1525
1052
1011
813
1881
1808
969
169
1217
1771
834
298
3175
2102
2966
1624
1034
1052
1169
789
896
744
78
1599
884
917
2747
314
789
354
1907
412
1157
2443
840
834
876
1068
173
1315
831
1907
1859
1859
876
675
412
634
1907
1312
1812
119
789
1806
2059
663
348
259
2441
2102
2357
2674
83
1419
1558
2474
968
244
1559
2933
803
968
244
1559
2933
803
1048
53
1555
1978
158
206
375
795
2357
1675
1183
221
1852
2102
2340
1653
521
169
53
1978
2591
1089
375
2705
549
199
106
1421
2102
1229
2357
2357
2383
1329
1452
1160
2655
618
221
375
165
2059
1192
1907
1402
1572
342
207
1052
412
573
2412
2759
2610
287
2619
3096
678
2016
2576
1907
2041
678
2016
2576
1907
2041
678
1435
222
789
1945
1943
1572
1011
1907
342
1943
1572
1011
1907
342
1907
1624
1005
1931
2491
1052
602
1572
1907
1292
1572
1011
512
1907
3314
173
1859
876
318
1965
675
1907
132
1907
876
1534
1572
342
1586
1718
42
1216
2855
720
497
680
2030
1398
1382
233
1180
2177
2132
234
1586
1718
42
1216
2855
720
497
680
2030
1398
1382
233
1180
2177
2132
234
2674
483
1449
598
139
1452
412
1058
152
3180
789
1011
1907
584
663
3317
1824
263
2581
1230
170
2170
1804
1250
1907
365
2553
1702
1514
184
221
347
139
441
387
25
496
1011
412
744
1316
584
491
1808
2567
2607
78
3003
1773
1452
375
1894
451
1230
373
1015
2357
1218
652
2249
1122
573
347
84
65
1076
1230
1960
1015
1907
3204
1449
1097
1051
1315
1459
1404
599
1458
1552
1907
167
19
2488
2870
2174
2443
1122
573
789
2059
1768
202
573
789
2059
1768
202
1859
675
318
1907
371
1122
84
314
1052
369
3181
375
48
2327
1924
1337
77
526
1163
1452
657
950
2998
2444
3322
347
1096
2591
1154
1449
648
2468
2672
2268
573
153
221
1478
789
1449
1402
2059
1806
853
1414
1449
1402
1498
2670
2612
1257
1829
237
1907
2053
1144
3170
970
1907
207
789
544
694
1217
1280
853
876
789
1907
207
853
876
789
1907
207
2051
789
1775
371
502
2709
1449
1169
541
859
525
1169
593
1309
94
3325
1339
375
2327
1924
1106
119
2525
2676
490
221
2657
1756
495
1564
139
261
1437
1122
921
1011
1039
1907
1011
412
1907
1768
512
1449
2725
498
754
538
528
2591
237
1664
669
910
1436
1452
889
910
1436
1452
889
1452
78
1245
2442
1452
78
1245
2442
1452
78
3087
3170
1452
78
3087
3170
410
139
896
736
412
1558
2287
60
124
2039
2619
3129
2552
783
105
690
3170
970
679
1718
1763
2655
1907
1011
1911
1052
1076
1011
1907
412
412
604
1485
1859
675
2527
347
996
837
676
377
2674
678
1970
730
404
1048
1963
463
1750
2721
968
1737
1218
502
119
1192
1464
1402
354
1907
1230
1597
1878
1097
78
1878
1097
78
65
225
1230
1076
1218
1449
878
1727
992
584
872
584
872
1604
1883
1452
182
1436
3269
850
1722
1824
1907
412
207
538
111
744
2029
1245
1722
1824
1907
412
207
1785
2846
1773
265
2761
2604
2151
1161
1488
1449
1907
2016
287
538
1532
911
2011
1452
783
1160
2444
3322
3292
834
739
25
171
1095
970
78
1076
484
1960
1015
65
1404
1808
1228
1443
2207
1052
876
354
1309
1110
483
1446
105
1718
2016
745
1907
817
3276
2383
3233
2344
2674
3043
3083
2794
932
1907
741
184
1893
742
1557
2351
1558
709
410
789
719
207
1806
3039
1631
1011
2252
1047
2660
283
2939
742
79
1995
1907
1752
1966
930
2119
2992
2750
2969
3348
101
2377
1012
2392
1230
1015
607
376
239
1011
1052
1907
1452
1431
2705
3044
1234
579
2301
43
2987
272
1021
716
2578
1593
613
429
1425
3027
2035
1308
285
1907
1463
1011
876
1218
502
2695
409
2293
3222
2669
197
1130
1073
2427
374
2082
1285
354
970
3170
2143
1907
412
525
1217
1931
2455
964
1123
1449
2728
1843
538
78
1485
2012
561
342
1196
2680
932
2597
224
744
385
1624
72
78
970
3170
340
719
1074
3044
1452
2963
1672
726
2619
399
1907
789
85
369
39
1425
1230
373
1076
1015
1236
1859
675
853
981
2829
2316
3197
1916
1449
2077
1005
1905
504
65
173
270
853
677
1122
51
39
84
1425
373
1230
709
1892
1015
1961
2529
24
2474
182
2966
1452
404
693
745
663
932
1236
2863
1907
1020
1048
2333
477
1891
1978
1486
173
1859
732
876
318
1449
3037
100
100
204
1572
1335
371
2072
526
502
139
1718
1432
412
744
3333
876
225
1859
502
1230
1218
1011
112
502
177
1122
3230
1907
1218
837
676
2379
417
1452
776
184
1525
2472
1808
525
970
2633
1907
2598
121
216
62
22
184
2102
1218
2828
451
78
525
1605
182
118
1461
91
184
3102
1402
1230
1076
348
1011
1892
84
33
1859
2198
1907
814
525
2597
1731
2699
2210
1594
2016
525
1793
1485
78
2153
970
3170
2680
789
354
2680
412
207
961
2354
2212
904
853
795
308
1582
2223
2374
1122
1015
1060
450
1717
2619
298
2199
2606
1905
663
1005
1345
1572
2443
1907
342
2038
764
1230
1907
412
3036
719
3044
2016
1076
1907
1303
1660
1052
410
760
1172
1383
207
354
1449
462
1011
2790
412
573
789
437
925
139
3027
410
760
1383
78
351
531
1452
1954
354
1449
462
1011
2790
2016
1452
1337
57
416
2869
2873
1637
1854
60
169
1664
2881
719
3270
1211
1146
2756
2007
1907
1104
2443
1931
404
1449
538
1907
573
159
1931
538
1907
573
159
1931
789
1824
2689
2016
207
1449
1172
1907
728
2411
1859
1011
675
1836
1074
719
876
371
2381
1124
244
1869
1192
1285
2820
1041
354
2801
783
1160
2651
1722
412
1907
573
876
6
2004
744
726
2016
1040
781
1904
2149
511
3241
1584
810
1076
116
129
1907
789
1172
1907
3027
207
1524
2792
2082
412
1548
1011
1931
2230
342
1859
818
831
354
1824
1660
412
221
810
2583
1011
3070
1369
789
1309
1806
1122
725
928
1907
2374
119
106
1251
1891
412
221
2591
1154
237
2821
1416
371
2072
1192
2252
584
1011
348
1907
1403
676
1436
84
1960
2606
1015
39
1449
1878
1907
2386
375
1718
2649
2327
1924
657
1452
259
3087
2102
795
2674
2019
545
2412
2147
1802
1665
2696
165
2313
985
2059
1096
1449
1402
347
152
135
348
324
1251
1423
1449
1449
789
1396
1910
2730
605
1191
3169
2374
2438
1052
853
789
1230
282
1020
1449
1402
1485
910
3145
837
2619
3299
2266
2661
1441
1080
3030
1251
119
2102
1218
2973
390
612
2426
1907
3271
369
146
2799
104
2374
84
1303
2001
207
1135
2572
2422
772
810
2979
1511
478
909
1907
2199
2634
1255
466
84
2443
760
1383
1763
1416
584
1460
1244
270
496
515
1251
1449
1907
1218
1011
376
1076
1015
1230
657
3201
2344
1183
1342
2655
789
1244
179
1525
2542
1449
275
2010
1358
495
1452
2838
1764
526
2262
1831
887
571
1402
221
3335
1516
1907
1907
663
1011
1572
947
1892
2007
1230
1449
84
663
1907
369
824
3064
412
1622
2273
1178
2505
3179
2826
1630
1157
1678
3116
2369
339
859
3329
2912
1475
3282
1859
1859
1907
675
979
2207
2331
1397
1138
2815
2798
2207
2050
1076
2606
1015
2800
789
1449
1309
1806
3253
2203
3158
1410
1997
3158
2168
242
131
418
540
2968
2891
2457
2719
710
2507
2625
2990
1367
1560
1032
1536
2143
2043
119
2812
1774
1042
2800
1444
371
2202
1052
375
2327
1924
789
48
65
84
2044
1336
2054
1519
1048
1806
1309
1790
810
218
191
1853
2022
525
1785
2199
623
709
342
67
1252
560
3143
166
2495
1212
3170
1096
1449
1402
347
152
135
348
324
1251
1423
1907
1048
1412
78
496
973
805
1661
1822
20
229
3234
1230
1076
373
1859
1808
1907
1015
1960
1907
1048
2918
3043
1718
1442
3099
1045
813
225
1449
1402
2443
1572
1907
342
78
2013
179
2051
270
1096
1449
1402
187
1402
2059
1206
2443
3141
221
1251
32
1423
451
1449
3003
725
928
1218
2834
256
868
2214
2333
2102
3003
622
1485
375
21
119
348
1217
3149
1843
91
249
1052
1416
1894
270
1449
496
602
1402
173
207
225
65
1859
2674
925
1449
1402
2729
1218
3035
1402
744
119
2051
97
2530
221
270
1722
1572
1907
2082
1763
1608
719
207
1172
1824
1907
1841
375
1718
2649
2327
1924
657
1452
259
3087
2102
795
2674
221
2869
165
2399
1907
1186
1076
2374
221
405
996
1052
1907
412
2597
817
1806
207
2208
1230
1015
1718
373
1569
525
221
2966
1525
375
879
1558
573
2064
221
225
352
2357
1449
2655
535
75
221
1449
273
179
3245
908
1036
1096
622
2780
206
663
525
105
789
437
199
2684
58
119
1939
2607
984
1888
2249
970
1449
1048
1309
873
2395
2227
823
3117
1612
859
2579
225
3028
2727
2840
202
620
1907
1452
282
2709
2846
407
744
444
1972
2310
221
30
139
165
348
663
525
105
789
437
1402
2443
538
187
1402
2059
1206
2443
173
1859
2800
675
371
853
2199
2634
1255
466
1907
3015
1449
1048
2984
1245
78
78
573
597
1011
2546
2412
2173
559
533
1230
373
2348
2479
108
893
371
2072
538
2443
1230
718
729
1400
502
2374
1462
1136
3246
2694
237
2051
1218
1732
65
1122
2598
314
1052
150
1449
1806
789
573
1309
2059
221
1181
2399
515
2443
1251
1344
2002
1011
112
512
169
789
970
1696
1452
350
831
1076
526
207
1449
1402
1251
707
2484
221
2051
165
607
125
1169
1449
622
1452
726
1273
1852
3003
822
618
221
2674
1154
1468
1192
221
165
1183
125
1378
723
746
859
2413
375
2433
535
202
2913
1806
573
544
1578
2224
1076
149
1015
1230
1425
709
2026
2280
467
1457
173
1859
675
2072
1907
410
2038
780
1900
412
410
2038
780
1900
412
1122
51
1076
607
1319
910
65
1533
2952
373
1907
789
410
412
207
910
1795
2870
1402
169
1626
2461
385
1459
1902
1206
496
169
257
1402
259
1867
1449
1318
1452
494
245
834
3135
813
2953
2727
2655
1894
221
165
1560
1924
237
3338
2412
371
1337
656
789
270
237
2668
744
119
221
725
3042
1497
2051
225
998
1402
2177
1254
496
169
1402
495
663
350
3304
2946
3259
119
600
451
356
1901
831
221
2583
3236
902
1449
342
2374
375
1449
1402
1011
2327
1122
573
84
2148
789
789
275
871
616
1068
221
347
2670
725
165
1076
1015
1907
2963
1192
221
760
2059
538
221
352
2134
2621
1206
1011
1146
1452
3339
2908
410
139
1907
207
412
410
139
1907
207
412
410
139
1907
207
412
789
1907
1449
1964
2489
1519
1931
886
1806
1309
1011
2016
1660
412
1425
173
1859
2118
675
2072
1409
1877
507
1915
2045
530
1780
1907
2260
1916
1015
1076
314
2374
2984
1433
1449
1230
2911
1892
84
1402
1414
1147
2383
2655
1978
2167
222
789
1230
1218
237
1110
1309
789
295
207
1806
853
1192
803
789
1011
853
1192
803
789
1011
