1076.0
810.0
1837.0
1303.0
408.0
120.0
184.0
292.0
1015.0
332.0
218.0
191.0
67.0
2312.0
1392.0
733.0
970.0
1597.0
1425.0
1315.0
2703.0
1283.0
578.0
1015.0
2606.0
373.0
406.0
901.0
3167.0
2249.0
824.0
1169.0
139.0
689.0
651.0
1925.0
184.0
2.0
2252.0
3277.0
2102.0
1555.0
2898.0
348.0
424.0
1449.0
47.0
2647.0
743.0
1015.0
1230.0
373.0
84.0
1907.0
332.0
84.0
1122.0
373.0
1230.0
1076.0
856.0
1076.0
184.0
1015.0
84.0
1122.0
373.0
1230.0
1076.0
1449.0
65.0
1076.0
271.0
2615.0
516.0
1449.0
263.0
2244.0
1076.0
1015.0
970.0
1907.0
2170.0
1392.0
1230.0
373.0
2076.0
743.0
789.0
271.0
2615.0
516.0
1449.0
263.0
2244.0
1076.0
1015.0
970.0
1907.0
2170.0
1392.0
1230.0
373.0
2076.0
743.0
789.0
39.0
2606.0
84.0
1015.0
1960.0
1892.0
39.0
84.0
1907.0
1076.0
39.0
84.0
1907.0
1076.0
373.0
1076.0
1015.0
184.0
766.0
3162.0
223.0
1346.0
784.0
1230.0
332.0
356.0
314.0
356.0
1076.0
1015.0
1907.0
789.0
573.0
2059.0
84.0
1306.0
1122.0
84.0
314.0
1907.0
502.0
65.0
2454.0
2824.0
1859.0
675.0
371.0
173.0
208.0
184.0
1076.0
1218.0
65.0
901.0
1015.0
292.0
1127.0
548.0
264.0
1311.0
1076.0
3143.0
373.0
853.0
876.0
1076.0
505.0
347.0
84.0
1907.0
220.0
51.0
3257.0
2824.0
356.0
1920.0
627.0
65.0
112.0
184.0
338.0
65.0
1218.0
821.0
2631.0
1294.0
65.0
1218.0
821.0
2631.0
1294.0
220.0
1015.0
84.0
484.0
1076.0
766.0
3336.0
359.0
2114.0
1960.0
223.0
184.0
1733.0
960.0
860.0
263.0
3235.0
2586.0
3019.0
1088.0
2607.0
1894.0
24.0
220.0
1015.0
84.0
484.0
1076.0
766.0
3336.0
359.0
2114.0
1960.0
223.0
184.0
1733.0
960.0
860.0
263.0
3235.0
2586.0
3019.0
1088.0
2607.0
1894.0
24.0
1052.0
1793.0
84.0
65.0
1230.0
373.0
1015.0
2690.0
853.0
2587.0
1279.0
790.0
1230.0
810.0
1076.0
2528.0
1011.0
1230.0
810.0
1076.0
2528.0
1011.0
693.0
1582.0
65.0
156.0
1452.0
2066.0
2102.0
65.0
84.0
1907.0
502.0
51.0
65.0
84.0
1907.0
502.0
51.0
1052.0
347.0
1892.0
1122.0
84.0
1052.0
347.0
1892.0
1122.0
84.0
744.0
2591.0
2128.0
3002.0
1907.0
744.0
2591.0
2128.0
3002.0
1907.0
84.0
65.0
1015.0
779.0
458.0
314.0
1076.0
2648.0
65.0
1907.0
292.0
84.0
84.0
65.0
1015.0
779.0
458.0
84.0
65.0
1015.0
779.0
458.0
1737.0
412.0
1182.0
119.0
300.0
84.0
373.0
1978.0
232.0
666.0
1942.0
425.0
282.0
2645.0
1015.0
559.0
1230.0
373.0
594.0
369.0
1907.0
789.0
2591.0
48.0
2059.0
237.0
84.0
1907.0
1015.0
2315.0
39.0
1230.0
789.0
2591.0
48.0
2059.0
237.0
84.0
1907.0
1015.0
2315.0
39.0
1230.0
1907.0
51.0
39.0
84.0
777.0
1392.0
1230.0
1076.0
1597.0
2528.0
130.0
314.0
112.0
525.0
139.0
373.0
1015.0
1892.0
1337.0
1169.0
84.0
1015.0
1076.0
1892.0
1122.0
1907.0
894.0
709.0
2598.0
1971.0
2655.0
373.0
1337.0
1230.0
332.0
1030.0
1218.0
348.0
1452.0
726.0
1241.0
1316.0
3027.0
1425.0
1011.0
65.0
314.0
1076.0
828.0
218.0
560.0
3073.0
130.0
184.0
2635.0
970.0
709.0
365.0
1907.0
112.0
1015.0
458.0
363.0
1174.0
2121.0
784.0
2188.0
1660.0
802.0
332.0
84.0
1613.0
328.0
342.0
1825.0
755.0
2502.0
84.0
1613.0
328.0
342.0
1825.0
755.0
2502.0
1122.0
39.0
332.0
1702.0
376.0
1961.0
2790.0
2502.0
1766.0
328.0
1803.0
854.0
1122.0
748.0
51.0
39.0
777.0
84.0
1015.0
1076.0
1892.0
1122.0
1907.0
894.0
709.0
2598.0
1971.0
2655.0
373.0
1337.0
1230.0
332.0
1030.0
1218.0
348.0
1452.0
726.0
1241.0
1316.0
3027.0
1425.0
1624.0
73.0
712.0
2796.0
1782.0
588.0
2451.0
1299.0
39.0
342.0
1015.0
2374.0
51.0
39.0
84.0
1892.0
65.0
1076.0
130.0
2346.0
1122.0
51.0
404.0
1196.0
1470.0
1449.0
369.0
1907.0
84.0
220.0
51.0
39.0
1230.0
1425.0
373.0
39.0
1907.0
98.0
84.0
524.0
365.0
1230.0
2606.0
220.0
1236.0
1425.0
112.0
373.0
1344.0
1251.0
1423.0
369.0
1218.0
1891.0
348.0
1866.0
1675.0
576.0
314.0
1052.0
1230.0
1076.0
1015.0
382.0
1097.0
1051.0
1837.0
412.0
65.0
314.0
1076.0
184.0
1425.0
84.0
3027.0
65.0
1076.0
184.0
1015.0
560.0
1395.0
1961.0
784.0
356.0
137.0
347.0
1096.0
65.0
1076.0
184.0
1015.0
560.0
1395.0
1961.0
784.0
356.0
137.0
347.0
1096.0
1892.0
1015.0
1122.0
51.0
39.0
1015.0
777.0
1127.0
377.0
1719.0
65.0
84.0
184.0
348.0
1624.0
1122.0
65.0
84.0
184.0
348.0
1624.0
1122.0
51.0
1052.0
1011.0
1907.0
894.0
512.0
65.0
1076.0
218.0
484.0
1960.0
1961.0
1744.0
1015.0
332.0
1097.0
1051.0
1011.0
22.0
1303.0
65.0
1218.0
382.0
1218.0
546.0
821.0
2133.0
1076.0
67.0
332.0
1660.0
2685.0
1892.0
748.0
1961.0
2598.0
51.0
1015.0
1973.0
292.0
1792.0
2685.0
65.0
462.0
1402.0
35.0
1230.0
1076.0
127.0
116.0
1011.0
218.0
191.0
1197.0
1122.0
84.0
602.0
1572.0
709.0
1015.0
1907.0
332.0
1097.0
1051.0
1916.0
1892.0
1391.0
1449.0
709.0
356.0
608.0
200.0
1716.0
1052.0
1230.0
116.0
1076.0
810.0
382.0
1218.0
546.0
821.0
2133.0
314.0
3190.0
254.0
174.0
398.0
356.0
112.0
292.0
527.0
354.0
189.0
2534.0
2445.0
2480.0
65.0
1417.0
1128.0
1434.0
1248.0
1076.0
65.0
1218.0
1076.0
67.0
332.0
1660.0
2685.0
1892.0
748.0
1961.0
2598.0
51.0
2022.0
1372.0
1011.0
1303.0
62.0
810.0
1076.0
127.0
1660.0
412.0
51.0
39.0
373.0
1230.0
777.0
84.0
1052.0
1572.0
1907.0
2034.0
1256.0
1392.0
3072.0
291.0
2813.0
1913.0
84.0
1076.0
1073.0
900.0
3294.0
1007.0
1907.0
854.0
2845.0
1392.0
2022.0
1076.0
1011.0
1907.0
314.0
444.0
1076.0
2267.0
184.0
369.0
1122.0
1015.0
1218.0
2357.0
877.0
2480.0
2708.0
1892.0
1907.0
292.0
1425.0
1230.0
84.0
59.0
342.0
876.0
1076.0
1825.0
113.0
356.0
524.0
1389.0
2083.0
2738.0
1149.0
2789.0
1646.0
2942.0
334.0
2700.0
2783.0
976.0
1291.0
51.0
39.0
495.0
84.0
1892.0
503.0
1452.0
2443.0
1624.0
1034.0
700.0
1859.0
375.0
399.0
1015.0
1572.0
1907.0
1292.0
1122.0
51.0
1052.0
1011.0
1907.0
184.0
692.0
844.0
1702.0
2539.0
1015.0
1507.0
370.0
1947.0
1662.0
1076.0
1647.0
1218.0
1230.0
1572.0
1011.0
1907.0
342.0
84.0
1230.0
1015.0
332.0
1766.0
1907.0
84.0
2754.0
512.0
1582.0
220.0
220.0
1236.0
1015.0
332.0
748.0
1076.0
1232.0
373.0
1892.0
518.0
384.0
3138.0
1740.0
1011.0
342.0
332.0
1892.0
2.0
853.0
1015.0
1315.0
910.0
1450.0
1076.0
1837.0
84.0
1122.0
2.0
2528.0
3155.0
524.0
1907.0
1218.0
51.0
39.0
777.0
84.0
220.0
224.0
744.0
385.0
1624.0
72.0
78.0
970.0
3170.0
340.0
719.0
1074.0
3044.0
1452.0
2963.0
1672.0
726.0
2619.0
399.0
1907.0
789.0
85.0
369.0
39.0
1425.0
1230.0
373.0
1076.0
1015.0
1236.0
1859.0
675.0
853.0
981.0
2829.0
2316.0
3197.0
1916.0
174.0
910.0
1737.0
1076.0
305.0
1624.0
970.0
356.0
354.0
1943.0
560.0
1741.0
2203.0
314.0
487.0
1249.0
3229.0
2973.0
512.0
1907.0
1907.0
1218.0
512.0
1076.0
1011.0
1076.0
127.0
116.0
1011.0
1907.0
51.0
39.0
373.0
1230.0
121.0
65.0
1076.0
314.0
2606.0
373.0
1015.0
1892.0
1907.0
84.0
1076.0
220.0
853.0
1076.0
1015.0
1122.0
824.0
1449.0
1400.0
1402.0
1076.0
218.0
2188.0
321.0
365.0
181.0
1122.0
84.0
602.0
1907.0
369.0
810.0
1076.0
1344.0
512.0
1907.0
1122.0
84.0
444.0
1015.0
2528.0
484.0
1015.0
1052.0
51.0
84.0
1076.0
1892.0
2606.0
1960.0
332.0
709.0
1011.0
1076.0
748.0
347.0
116.0
100.0
1916.0
1597.0
1122.0
1076.0
1011.0
1907.0
502.0
2886.0
701.0
1052.0
2456.0
1015.0
1076.0
115.0
116.0
1892.0
1108.0
2188.0
112.0
2435.0
2557.0
717.0
1619.0
3196.0
2624.0
1821.0
1111.0
2209.0
1448.0
161.0
184.0
2009.0
3137.0
3272.0
1173.0
1385.0
1004.0
962.0
2726.0
1117.0
3006.0
63.0
509.0
485.0
3024.0
836.0
2598.0
1392.0
356.0
810.0
1076.0
65.0
970.0
356.0
894.0
709.0
412.0
174.0
1943.0
853.0
626.0
2.0
373.0
356.0
1230.0
1015.0
223.0
184.0
332.0
663.0
1572.0
1011.0
1907.0
342.0
1624.0
220.0
932.0
573.0
2374.0
789.0
1236.0
1015.0
1230.0
2082.0
341.0
1806.0
1916.0
1076.0
1303.0
218.0
733.0
1885.0
1122.0
84.0
602.0
1907.0
369.0
1015.0
1892.0
1122.0
84.0
573.0
1196.0
1402.0
1572.0
1907.0
1218.0
932.0
1076.0
1169.0
2474.0
525.0
576.0
3131.0
84.0
1015.0
1907.0
2606.0
373.0
1122.0
65.0
332.0
1076.0
1218.0
1122.0
910.0
51.0
39.0
84.0
1238.0
2199.0
789.0
2634.0
1255.0
466.0
1048.0
84.0
1122.0
1907.0
1015.0
1449.0
1218.0
2116.0
1421.0
744.0
525.0
314.0
65.0
1907.0
347.0
1076.0
2374.0
1218.0
902.0
1892.0
314.0
487.0
1249.0
3229.0
1122.0
51.0
59.0
84.0
777.0
347.0
3225.0
1076.0
1624.0
1034.0
65.0
84.0
1076.0
1230.0
1907.0
1076.0
1230.0
373.0
373.0
84.0
84.0
1015.0
424.0
1449.0
1449.0
2655.0
810.0
1076.0
1011.0
137.0
2097.0
1076.0
155.0
332.0
1246.0
2704.0
709.0
1372.0
218.0
373.0
1660.0
1303.0
1142.0
408.0
1011.0
1015.0
84.0
1122.0
3208.0
2131.0
2989.0
1015.0
1230.0
373.0
223.0
663.0
1907.0
1076.0
758.0
1096.0
2188.0
1943.0
376.0
1122.0
748.0
51.0
39.0
84.0
347.0
1015.0
2480.0
1096.0
1983.0
2353.0
615.0
784.0
356.0
554.0
423.0
1730.0
1076.0
1230.0
84.0
1907.0
65.0
1392.0
1076.0
373.0
1572.0
1907.0
342.0
2374.0
373.0
1015.0
1122.0
748.0
2598.0
51.0
39.0
314.0
373.0
1907.0
84.0
314.0
356.0
1076.0
458.0
292.0
1943.0
1392.0
356.0
1230.0
1076.0
784.0
3182.0
784.0
1015.0
1230.0
1907.0
1797.0
1943.0
542.0
1392.0
2646.0
1218.0
1154.0
45.0
2499.0
628.0
1056.0
1961.0
332.0
1015.0
1960.0
2606.0
502.0
214.0
218.0
1076.0
1794.0
775.0
342.0
682.0
645.0
1613.0
940.0
428.0
2060.0
2.0
84.0
1907.0
223.0
292.0
1015.0
3073.0
184.0
671.0
901.0
406.0
810.0
1076.0
127.0
1660.0
1303.0
1122.0
373.0
1230.0
1015.0
332.0
11.0
45.0
2502.0
1766.0
1303.0
2420.0
1907.0
375.0
1449.0
1251.0
2518.0
907.0
1569.0
2274.0
1907.0
112.0
2633.0
2374.0
28.0
1855.0
1877.0
580.0
927.0
2786.0
373.0
2584.0
169.0
970.0
2072.0
1230.0
675.0
2889.0
3058.0
500.0
932.0
1425.0
1869.0
1183.0
3166.0
2374.0
1015.0
2432.0
1218.0
1624.0
853.0
184.0
2993.0
223.0
1015.0
27.0
595.0
3105.0
292.0
709.0
332.0
748.0
119.0
1328.0
408.0
1122.0
84.0
1392.0
1076.0
1015.0
1983.0
347.0
627.0
1096.0
347.0
1597.0
1076.0
2185.0
1076.0
1015.0
1620.0
356.0
67.0
342.0
977.0
353.0
356.0
5.0
527.0
1015.0
1572.0
1907.0
342.0
1122.0
1052.0
421.0
1122.0
2374.0
84.0
39.0
220.0
1907.0
512.0
84.0
1303.0
524.0
146.0
1298.0
2300.0
2419.0
1338.0
373.0
1230.0
1015.0
663.0
1005.0
369.0
1907.0
1971.0
1309.0
2898.0
789.0
1170.0
2203.0
2167.0
348.0
112.0
184.0
84.0
2528.0
3155.0
1011.0
512.0
1907.0
502.0
1052.0
1298.0
1015.0
2606.0
1230.0
373.0
1907.0
932.0
1076.0
1349.0
408.0
1660.0
1303.0
184.0
3336.0
1015.0
1015.0
1572.0
1907.0
342.0
930.0
649.0
1597.0
2606.0
1304.0
1214.0
1916.0
1391.0
1978.0
1892.0
1449.0
2167.0
1315.0
1122.0
2.0
84.0
373.0
1015.0
1452.0
1892.0
1907.0
2606.0
373.0
84.0
1015.0
39.0
524.0
354.0
356.0
1624.0
1961.0
1916.0
1907.0
762.0
1122.0
314.0
1052.0
184.0
369.0
1122.0
51.0
39.0
2.0
84.0
1076.0
2.0
84.0
65.0
626.0
1122.0
51.0
39.0
1076.0
1907.0
1076.0
218.0
709.0
376.0
65.0
184.0
1015.0
2664.0
99.0
412.0
1011.0
356.0
113.0
347.0
347.0
314.0
65.0
1076.0
1015.0
288.0
65.0
1126.0
789.0
1230.0
347.0
1076.0
1572.0
1907.0
342.0
1122.0
1052.0
1076.0
1015.0
1425.0
1122.0
51.0
39.0
84.0
369.0
51.0
39.0
84.0
602.0
777.0
1961.0
1650.0
65.0
84.0
1076.0
1015.0
147.0
2606.0
1122.0
1122.0
51.0
39.0
2.0
84.0
1122.0
1907.0
1230.0
373.0
1425.0
220.0
84.0
369.0
342.0
332.0
2092.0
916.0
2347.0
45.0
766.0
3162.0
627.0
24.0
748.0
1076.0
1015.0
332.0
27.0
84.0
314.0
1907.0
1076.0
1961.0
2456.0
39.0
1122.0
748.0
84.0
373.0
1230.0
1907.0
502.0
1052.0
1218.0
412.0
84.0
1892.0
1246.0
560.0
2606.0
1328.0
527.0
356.0
1076.0
784.0
1076.0
1572.0
1907.0
342.0
810.0
1230.0
1076.0
373.0
1907.0
1122.0
51.0
39.0
2.0
84.0
1015.0
184.0
901.0
84.0
1076.0
65.0
332.0
1961.0
1860.0
1076.0
65.0
84.0
2171.0
332.0
1961.0
709.0
218.0
191.0
901.0
3057.0
356.0
1011.0
2711.0
427.0
2082.0
1076.0
314.0
184.0
2631.0
1361.0
1076.0
1011.0
1315.0
2486.0
423.0
223.0
527.0
1076.0
1892.0
292.0
2312.0
1122.0
2598.0
314.0
373.0
1392.0
1752.0
399.0
496.0
1449.0
2362.0
1015.0
1076.0
671.0
1907.0
784.0
1346.0
709.0
365.0
184.0
402.0
347.0
405.0
2.0
373.0
356.0
1076.0
84.0
2606.0
1015.0
2633.0
682.0
1907.0
1122.0
784.0
560.0
1395.0
854.0
2824.0
1961.0
2598.0
1716.0
356.0
438.0
356.0
2598.0
1716.0
1076.0
65.0
375.0
1052.0
1793.0
876.0
1122.0
1020.0
1572.0
1907.0
1292.0
1449.0
1076.0
184.0
65.0
2332.0
84.0
241.0
2811.0
1122.0
1791.0
682.0
51.0
39.0
748.0
1015.0
332.0
1597.0
3206.0
1449.0
84.0
726.0
77.0
65.0
439.0
2824.0
499.0
627.0
484.0
1960.0
1015.0
1597.0
1892.0
1122.0
853.0
1076.0
1303.0
1425.0
1315.0
1122.0
2.0
84.0
373.0
1015.0
1452.0
1892.0
1907.0
1122.0
2425.0
1791.0
1907.0
220.0
221.0
347.0
314.0
1907.0
1076.0
1298.0
1892.0
218.0
1076.0
84.0
112.0
314.0
1853.0
1011.0
1907.0
1315.0
1122.0
2386.0
1011.0
726.0
1122.0
51.0
39.0
2.0
84.0
1122.0
51.0
39.0
2.0
1907.0
748.0
2.0
484.0
1015.0
332.0
2993.0
1961.0
2499.0
1122.0
51.0
39.0
1076.0
1907.0
1015.0
2606.0
1960.0
1961.0
766.0
2535.0
958.0
784.0
356.0
1737.0
1901.0
356.0
1230.0
112.0
184.0
901.0
84.0
1076.0
1015.0
65.0
1961.0
2797.0
1076.0
65.0
84.0
2171.0
332.0
1961.0
709.0
218.0
191.0
901.0
3057.0
356.0
3194.0
1704.0
3240.0
1695.0
709.0
1076.0
314.0
65.0
184.0
1892.0
84.0
1218.0
877.0
39.0
2606.0
1960.0
1961.0
2427.0
332.0
116.0
129.0
218.0
127.0
427.0
1392.0
214.0
2289.0
369.0
184.0
65.0
314.0
373.0
1907.0
1230.0
1892.0
1015.0
1449.0
578.0
1859.0
1124.0
1076.0
1025.0
1154.0
748.0
51.0
39.0
84.0
2528.0
1907.0
1236.0
709.0
709.0
1892.0
84.0
51.0
1961.0
1943.0
65.0
1392.0
100.0
2217.0
65.0
512.0
1103.0
2568.0
1845.0
1350.0
2561.0
100.0
664.0
3163.0
52.0
22.0
733.0
1218.0
2357.0
2.0
373.0
292.0
356.0
1230.0
1973.0
1015.0
1907.0
1955.0
332.0
970.0
1171.0
1015.0
1230.0
373.0
2328.0
2.0
1955.0
1332.0
1455.0
2213.0
2361.0
523.0
1213.0
757.0
1810.0
2103.0
1449.0
1218.0
2116.0
1421.0
744.0
525.0
462.0
3206.0
1572.0
1907.0
84.0
220.0
1015.0
373.0
1122.0
84.0
1572.0
1582.0
2502.0
2824.0
1073.0
369.0
1076.0
84.0
65.0
1425.0
223.0
709.0
1624.0
467.0
1392.0
1470.0
524.0
2246.0
353.0
1230.0
1076.0
1015.0
127.0
663.0
1572.0
1011.0
1907.0
342.0
1315.0
51.0
39.0
84.0
1262.0
2131.0
2989.0
1015.0
1230.0
373.0
223.0
663.0
1907.0
1076.0
758.0
1096.0
2188.0
1943.0
376.0
1392.0
810.0
1076.0
1303.0
1344.0
369.0
356.0
184.0
65.0
502.0
1218.0
1015.0
2312.0
1230.0
373.0
1425.0
901.0
365.0
709.0
2.0
2363.0
84.0
220.0
2606.0
2598.0
1785.0
1624.0
2995.0
3206.0
2199.0
2634.0
1255.0
466.0
1071.0
557.0
397.0
775.0
342.0
682.0
645.0
1613.0
940.0
428.0
2060.0
2.0
84.0
748.0
1076.0
1015.0
332.0
27.0
1907.0
220.0
51.0
39.0
777.0
1444.0
2461.0
1633.0
512.0
667.0
1943.0
1076.0
1015.0
67.0
184.0
1907.0
223.0
292.0
1015.0
3073.0
184.0
671.0
901.0
406.0
856.0
1943.0
1218.0
1892.0
223.0
2246.0
2753.0
1907.0
1076.0
2633.0
314.0
218.0
2598.0
1907.0
1015.0
1230.0
853.0
970.0
65.0
855.0
1127.0
3145.0
1815.0
1002.0
1122.0
314.0
444.0
1294.0
1066.0
1122.0
84.0
1392.0
1076.0
1015.0
1983.0
347.0
627.0
1096.0
84.0
773.0
529.0
344.0
195.0
2295.0
829.0
2950.0
3139.0
640.0
1100.0
2046.0
212.0
1714.0
80.0
1100.0
2046.0
624.0
848.0
2538.0
1010.0
1015.0
332.0
373.0
1230.0
113.0
1122.0
2425.0
1791.0
1907.0
220.0
1907.0
1969.0
213.0
1011.0
2692.0
1663.0
2636.0
184.0
1076.0
65.0
100.0
1907.0
3190.0
687.0
1015.0
1122.0
51.0
39.0
2.0
84.0
65.0
184.0
369.0
2606.0
1960.0
1530.0
930.0
524.0
1015.0
894.0
1318.0
495.0
901.0
184.0
373.0
1230.0
1907.0
1122.0
51.0
39.0
314.0
444.0
932.0
1907.0
84.0
1230.0
1076.0
1015.0
1425.0
1122.0
1296.0
147.0
126.0
1059.0
218.0
1076.0
84.0
112.0
314.0
1853.0
1011.0
1943.0
356.0
1076.0
408.0
292.0
84.0
2598.0
1076.0
1015.0
1907.0
1011.0
2598.0
1076.0
1015.0
1907.0
1011.0
1122.0
9.0
347.0
910.0
84.0
314.0
1859.0
1341.0
853.0
1907.0
184.0
3336.0
3185.0
2536.0
2535.0
767.0
3303.0
484.0
1443.0
2753.0
1218.0
709.0
45.0
2499.0
628.0
1056.0
1961.0
332.0
1015.0
1960.0
2606.0
502.0
214.0
218.0
1076.0
1794.0
65.0
1076.0
1015.0
84.0
1122.0
314.0
65.0
1076.0
1666.0
2580.0
296.0
151.0
1807.0
1343.0
1218.0
1057.0
1403.0
180.0
1624.0
1184.0
278.0
70.0
899.0
3265.0
2206.0
2956.0
2584.0
350.0
2543.0
1901.0
1489.0
15.0
2614.0
184.0
1907.0
51.0
1425.0
484.0
783.0
347.0
353.0
1052.0
1076.0
1015.0
116.0
810.0
406.0
560.0
408.0
1907.0
3073.0
2606.0
373.0
2.0
332.0
1052.0
1392.0
1076.0
116.0
395.0
51.0
84.0
1122.0
1907.0
369.0
548.0
264.0
84.0
1311.0
2051.0
1892.0
709.0
332.0
1737.0
184.0
495.0
1449.0
1402.0
184.0
130.0
84.0
1436.0
237.0
1015.0
332.0
748.0
1582.0
1236.0
1993.0
2425.0
2641.0
1956.0
481.0
260.0
2007.0
281.0
184.0
130.0
2613.0
314.0
65.0
1076.0
2449.0
647.0
2831.0
2999.0
1760.0
1449.0
3147.0
1765.0
841.0
2635.0
1964.0
3086.0
2622.0
1102.0
548.0
264.0
84.0
1311.0
51.0
39.0
2.0
2528.0
3155.0
1052.0
228.0
365.0
1907.0
356.0
578.0
2606.0
1230.0
373.0
1960.0
1218.0
590.0
1961.0
2807.0
589.0
784.0
1346.0
2.0
2170.0
1452.0
1015.0
332.0
492.0
2246.0
1813.0
2349.0
149.0
952.0
2370.0
408.0
129.0
467.0
331.0
1030.0
1726.0
2521.0
127.0
1793.0
1015.0
332.0
748.0
1961.0
1230.0
373.0
1425.0
2024.0
116.0
574.0
3301.0
1468.0
608.0
2264.0
1496.0
51.0
84.0
496.0
169.0
1816.0
1907.0
1122.0
860.0
2481.0
347.0
1597.0
1961.0
2598.0
1315.0
1737.0
332.0
1122.0
65.0
1907.0
1015.0
356.0
405.0
2870.0
84.0
1015.0
332.0
1907.0
51.0
39.0
1245.0
84.0
777.0
2.0
219.0
1449.0
1076.0
3206.0
113.0
373.0
1230.0
406.0
1076.0
84.0
184.0
347.0
402.0
901.0
709.0
2967.0
560.0
1230.0
1634.0
2824.0
2603.0
160.0
128.0
65.0
1076.0
1298.0
2722.0
735.0
709.0
130.0
347.0
223.0
190.0
2708.0
84.0
1907.0
1122.0
1015.0
332.0
1597.0
2405.0
184.0
1298.0
84.0
314.0
1076.0
709.0
1648.0
268.0
2915.0
84.0
314.0
65.0
1015.0
3020.0
1810.0
1632.0
560.0
1648.0
2296.0
1755.0
1242.0
1246.0
356.0
2370.0
1199.0
277.0
952.0
2865.0
1465.0
1449.0
1825.0
373.0
65.0
84.0
1122.0
1892.0
1907.0
1230.0
1015.0
1076.0
748.0
1076.0
1892.0
1841.0
1303.0
383.0
553.0
191.0
709.0
1015.0
332.0
1218.0
1122.0
51.0
39.0
2.0
84.0
2973.0
512.0
1907.0
84.0
1076.0
65.0
356.0
347.0
1218.0
184.0
1230.0
816.0
2367.0
1907.0
342.0
709.0
112.0
1315.0
1737.0
373.0
1052.0
576.0
1052.0
421.0
1122.0
2374.0
84.0
184.0
1076.0
1015.0
1230.0
373.0
1859.0
314.0
1122.0
2598.0
1892.0
408.0
1660.0
373.0
1392.0
1230.0
1076.0
1015.0
127.0
970.0
1116.0
67.0
2.0
1230.0
1076.0
116.0
1011.0
1425.0
1122.0
51.0
39.0
2.0
84.0
1015.0
356.0
1624.0
2727.0
1907.0
1926.0
332.0
1961.0
784.0
560.0
1346.0
1230.0
373.0
1452.0
1978.0
2655.0
789.0
375.0
2443.0
2199.0
2634.0
1255.0
466.0
240.0
1590.0
525.0
1907.0
49.0
2872.0
2304.0
3122.0
292.0
1973.0
3131.0
47.0
306.0
37.0
2505.0
1076.0
1015.0
1230.0
373.0
223.0
2898.0
2012.0
1287.0
1052.0
1011.0
512.0
1907.0
1907.0
502.0
1052.0
1218.0
412.0
1436.0
1421.0
744.0
748.0
1076.0
1015.0
332.0
27.0
1961.0
2.0
84.0
943.0
65.0
1015.0
1076.0
726.0
2892.0
526.0
1198.0
1564.0
1122.0
51.0
39.0
84.0
369.0
1792.0
2685.0
748.0
1961.0
938.0
332.0
628.0
986.0
84.0
1907.0
484.0
1960.0
3.0
517.0
1961.0
2.0
784.0
1346.0
27.0
1237.0
2824.0
1739.0
625.0
424.0
663.0
84.0
314.0
356.0
1096.0
3206.0
2.0
901.0
356.0
1076.0
2318.0
1076.0
2593.0
1015.0
1865.0
356.0
2.0
354.0
84.0
1122.0
1015.0
1076.0
1656.0
709.0
1907.0
39.0
1076.0
484.0
1960.0
1015.0
332.0
1961.0
784.0
1892.0
2.0
424.0
188.0
1015.0
2841.0
1449.0
353.0
1230.0
1076.0
1015.0
127.0
84.0
39.0
347.0
1015.0
1907.0
121.0
1076.0
2.0
84.0
65.0
626.0
1122.0
1015.0
1572.0
1907.0
342.0
1076.0
184.0
84.0
1122.0
1791.0
682.0
748.0
51.0
1392.0
810.0
1076.0
1572.0
1011.0
84.0
1076.0
184.0
1907.0
445.0
1122.0
2528.0
3155.0
1907.0
84.0
1943.0
901.0
1076.0
408.0
1907.0
1218.0
1011.0
512.0
833.0
2584.0
2754.0
1076.0
184.0
2686.0
1556.0
455.0
644.0
1294.0
1198.0
2881.0
1669.0
923.0
1938.0
2267.0
2114.0
539.0
84.0
314.0
1825.0
1230.0
1834.0
459.0
1076.0
1015.0
332.0
2606.0
116.0
2162.0
2058.0
1907.0
365.0
709.0
84.0
706.0
2069.0
2824.0
1680.0
1076.0
184.0
1122.0
263.0
65.0
1076.0
65.0
184.0
1015.0
2606.0
1122.0
51.0
39.0
2.0
84.0
1122.0
51.0
39.0
2.0
84.0
84.0
2502.0
854.0
3139.0
1109.0
1015.0
332.0
484.0
1960.0
2.0
1723.0
220.0
314.0
65.0
1597.0
1223.0
682.0
84.0
39.0
1122.0
1076.0
1907.0
1015.0
1960.0
2606.0
2.0
1425.0
1597.0
1660.0
408.0
328.0
130.0
184.0
3346.0
2135.0
2754.0
84.0
1015.0
1230.0
373.0
2042.0
244.0
246.0
1453.0
2923.0
192.0
90.0
435.0
3206.0
356.0
578.0
3113.0
488.0
2983.0
1218.0
1122.0
51.0
39.0
2.0
84.0
84.0
39.0
1122.0
1076.0
1907.0
1015.0
1960.0
2606.0
2.0
1425.0
1597.0
1660.0
408.0
328.0
1097.0
1051.0
1122.0
573.0
221.0
1076.0
1907.0
1983.0
1182.0
1392.0
164.0
790.0
1015.0
1973.0
292.0
223.0
1122.0
347.0
444.0
2443.0
833.0
2598.0
901.0
1230.0
1015.0
709.0
65.0
84.0
1076.0
1230.0
1907.0
1122.0
748.0
1315.0
39.0
84.0
373.0
1230.0
1076.0
1218.0
1961.0
1230.0
373.0
2606.0
373.0
2428.0
1892.0
223.0
3164.0
1015.0
332.0
784.0
1943.0
2829.0
356.0
354.0
748.0
970.0
1896.0
1199.0
1203.0
785.0
2.0
943.0
1961.0
2499.0
357.0
602.0
982.0
2502.0
1223.0
2606.0
1960.0
1015.0
1971.0
881.0
2406.0
386.0
3345.0
349.0
3224.0
1003.0
1230.0
373.0
3.0
1015.0
332.0
1892.0
184.0
709.0
1907.0
424.0
188.0
918.0
3156.0
152.0
625.0
578.0
1402.0
748.0
2007.0
1315.0
1943.0
325.0
373.0
1157.0
1122.0
748.0
1315.0
39.0
2.0
373.0
356.0
1230.0
1076.0
1015.0
1076.0
406.0
332.0
1907.0
1122.0
373.0
1230.0
1015.0
332.0
11.0
45.0
2502.0
1766.0
1303.0
2420.0
1907.0
1015.0
1076.0
1122.0
1169.0
3192.0
1907.0
1766.0
626.0
356.0
1015.0
1218.0
412.0
347.0
1076.0
1572.0
1907.0
342.0
1076.0
116.0
1015.0
1597.0
2528.0
1015.0
1572.0
1907.0
342.0
84.0
766.0
1015.0
1624.0
1076.0
353.0
1076.0
1015.0
1011.0
22.0
1076.0
1907.0
84.0
373.0
1230.0
1076.0
1218.0
373.0
1230.0
2421.0
1015.0
1218.0
1076.0
84.0
1013.0
1907.0
184.0
1723.0
1878.0
813.0
1015.0
1076.0
628.0
332.0
3056.0
406.0
1971.0
1298.0
733.0
201.0
1303.0
2395.0
2207.0
1907.0
1572.0
342.0
1015.0
1572.0
1907.0
342.0
930.0
649.0
1597.0
2606.0
1304.0
1214.0
1916.0
1391.0
1978.0
1892.0
1449.0
2167.0
1052.0
1392.0
1230.0
1076.0
116.0
1907.0
1218.0
512.0
1076.0
1011.0
130.0
184.0
3346.0
2135.0
2754.0
84.0
1015.0
1230.0
373.0
2042.0
244.0
246.0
1453.0
2923.0
192.0
90.0
435.0
3206.0
356.0
578.0
3113.0
488.0
2983.0
1218.0
84.0
314.0
356.0
1096.0
3206.0
84.0
1907.0
65.0
1122.0
1859.0
184.0
2754.0
1076.0
292.0
1361.0
2664.0
767.0
2953.0
1504.0
1122.0
84.0
356.0
1973.0
369.0
84.0
347.0
1076.0
1230.0
373.0
1425.0
1597.0
1015.0
332.0
39.0
2502.0
1907.0
220.0
1791.0
2824.0
1298.0
65.0
314.0
1624.0
1943.0
1076.0
1015.0
67.0
184.0
1315.0
51.0
39.0
84.0
1262.0
1169.0
2211.0
1015.0
1449.0
1897.0
375.0
1404.0
1924.0
1624.0
39.0
748.0
332.0
2606.0
373.0
369.0
342.0
1122.0
84.0
314.0
1907.0
2199.0
752.0
512.0
1425.0
2518.0
1076.0
1015.0
1015.0
1076.0
1892.0
2734.0
1715.0
2606.0
373.0
709.0
127.0
2.0
3190.0
1597.0
434.0
3267.0
356.0
748.0
1491.0
406.0
1122.0
1791.0
682.0
2.0
84.0
1015.0
1907.0
2606.0
373.0
2463.0
84.0
220.0
1907.0
988.0
2697.0
1230.0
2606.0
39.0
524.0
2199.0
1766.0
3286.0
1993.0
2967.0
1597.0
332.0
2.0
3139.0
748.0
1076.0
1011.0
1315.0
2486.0
423.0
412.0
174.0
1943.0
853.0
626.0
2395.0
2207.0
1907.0
1572.0
342.0
1122.0
84.0
789.0
1076.0
184.0
369.0
1392.0
314.0
65.0
84.0
1298.0
2357.0
1218.0
347.0
839.0
65.0
84.0
1076.0
709.0
39.0
3153.0
1392.0
1131.0
2945.0
214.0
130.0
113.0
2007.0
1218.0
1732.0
347.0
84.0
65.0
51.0
39.0
84.0
373.0
1230.0
1122.0
263.0
347.0
1268.0
1052.0
1122.0
84.0
1572.0
1907.0
342.0
1122.0
84.0
1572.0
1907.0
342.0
1449.0
1076.0
1859.0
1230.0
406.0
2374.0
1011.0
709.0
1907.0
184.0
314.0
65.0
84.0
1341.0
1737.0
1122.0
1907.0
1572.0
342.0
84.0
1015.0
784.0
1961.0
671.0
184.0
1321.0
1122.0
347.0
2598.0
84.0
492.0
810.0
1105.0
2025.0
149.0
826.0
1197.0
395.0
748.0
1837.0
1349.0
67.0
1837.0
1303.0
1660.0
408.0
191.0
116.0
1372.0
2951.0
395.0
784.0
332.0
1627.0
1281.0
113.0
952.0
217.0
1602.0
2569.0
1029.0
1443.0
253.0
1162.0
2190.0
354.0
1464.0
2121.0
1281.0
1658.0
597.0
709.0
1166.0
970.0
3027.0
100.0
989.0
768.0
3226.0
2014.0
1426.0
114.0
1194.0
250.0
2176.0
138.0
1334.0
84.0
1122.0
1961.0
495.0
1943.0
1015.0
1076.0
2788.0
1943.0
84.0
1321.0
373.0
1230.0
1122.0
51.0
39.0
84.0
1230.0
2.0
406.0
2.0
444.0
3140.0
484.0
1014.0
1230.0
373.0
1015.0
1907.0
263.0
3.0
356.0
1122.0
1864.0
1127.0
51.0
2429.0
65.0
1076.0
1015.0
1907.0
184.0
1230.0
2514.0
3305.0
1379.0
1826.0
1083.0
527.0
113.0
356.0
1122.0
84.0
314.0
373.0
824.0
65.0
1694.0
1907.0
1122.0
2714.0
1122.0
1907.0
373.0
1230.0
2528.0
406.0
628.0
65.0
1694.0
1907.0
1122.0
2714.0
1122.0
51.0
84.0
1907.0
220.0
1122.0
84.0
1076.0
1907.0
1091.0
1494.0
1859.0
834.0
92.0
1097.0
1494.0
1859.0
834.0
92.0
1097.0
748.0
2598.0
1716.0
2.0
373.0
347.0
1961.0
910.0
709.0
184.0
1076.0
1892.0
591.0
1015.0
373.0
709.0
2.0
853.0
824.0
1015.0
1154.0
1076.0
1052.0
502.0
1011.0
1907.0
1076.0
1052.0
502.0
1011.0
1907.0
1076.0
314.0
65.0
184.0
1907.0
67.0
1218.0
2898.0
356.0
2374.0
113.0
347.0
163.0
347.0
1371.0
40.0
1425.0
365.0
1943.0
1772.0
1127.0
1916.0
915.0
525.0
1295.0
2795.0
619.0
575.0
76.0
3027.0
373.0
1015.0
2188.0
687.0
1230.0
1076.0
84.0
65.0
314.0
184.0
1230.0
1015.0
332.0
373.0
1122.0
484.0
1076.0
1015.0
1218.0
1154.0
84.0
65.0
373.0
356.0
1230.0
709.0
1230.0
373.0
1015.0
1076.0
1892.0
748.0
292.0
184.0
1961.0
1122.0
1943.0
2.0
184.0
1907.0
1961.0
784.0
84.0
314.0
1076.0
444.0
1392.0
356.0
1076.0
184.0
347.0
373.0
228.0
1230.0
1076.0
184.0
130.0
100.0
1907.0
1015.0
767.0
2138.0
1127.0
1298.0
3213.0
347.0
373.0
228.0
1230.0
1076.0
184.0
130.0
100.0
1907.0
1015.0
767.0
2138.0
1127.0
1298.0
3213.0
84.0
65.0
373.0
356.0
1230.0
444.0
1392.0
356.0
1076.0
184.0
1076.0
314.0
65.0
184.0
1907.0
67.0
1218.0
2898.0
356.0
2374.0
113.0
347.0
163.0
347.0
1371.0
40.0
1425.0
365.0
1943.0
1772.0
1127.0
1916.0
915.0
525.0
1295.0
2795.0
619.0
575.0
76.0
3027.0
373.0
1015.0
2188.0
687.0
1230.0
1076.0
1052.0
502.0
1011.0
1907.0
184.0
1907.0
321.0
1076.0
65.0
332.0
2606.0
1961.0
1597.0
1122.0
84.0
1572.0
1907.0
342.0
2824.0
1015.0
1961.0
39.0
1237.0
3143.0
1122.0
84.0
1572.0
1907.0
342.0
2824.0
1015.0
1961.0
39.0
1237.0
3143.0
1073.0
84.0
1230.0
1015.0
1425.0
1073.0
84.0
1230.0
1015.0
1425.0
524.0
2824.0
1122.0
84.0
332.0
406.0
373.0
1015.0
1766.0
1230.0
699.0
2347.0
1076.0
65.0
1425.0
1015.0
810.0
1076.0
184.0
84.0
65.0
314.0
1015.0
1230.0
373.0
1076.0
1097.0
1051.0
412.0
1303.0
51.0
39.0
1230.0
1076.0
777.0
51.0
39.0
1230.0
1076.0
777.0
1907.0
1122.0
663.0
1052.0
1015.0
1961.0
84.0
342.0
2775.0
1869.0
1766.0
2824.0
1456.0
1720.0
2325.0
2388.0
2218.0
484.0
1303.0
169.0
789.0
2235.0
2017.0
2482.0
1073.0
1869.0
84.0
1425.0
1091.0
3295.0
1015.0
1808.0
1297.0
1905.0
3062.0
504.0
1582.0
2199.0
342.0
2775.0
1869.0
1766.0
2824.0
1456.0
1720.0
2325.0
2388.0
2218.0
484.0
1303.0
169.0
789.0
2235.0
2017.0
2482.0
1073.0
1869.0
84.0
1425.0
1091.0
3295.0
1015.0
1808.0
1297.0
1905.0
3062.0
504.0
1582.0
2199.0
371.0
65.0
1076.0
675.0
907.0
1907.0
932.0
2374.0
1015.0
84.0
314.0
1230.0
1076.0
184.0
2374.0
1425.0
1122.0
1907.0
1660.0
1425.0
67.0
968.0
1660.0
1907.0
84.0
1907.0
1825.0
1351.0
2868.0
1122.0
51.0
39.0
777.0
1572.0
2110.0
1303.0
1660.0
977.0
2685.0
876.0
2022.0
810.0
1076.0
408.0
1837.0
1122.0
51.0
39.0
777.0
1572.0
2110.0
314.0
65.0
84.0
39.0
627.0
573.0
1196.0
1572.0
1907.0
342.0
51.0
39.0
84.0
439.0
1452.0
220.0
709.0
1230.0
1015.0
748.0
2.0
970.0
524.0
51.0
39.0
84.0
439.0
1452.0
220.0
709.0
1230.0
1015.0
748.0
2.0
970.0
524.0
1859.0
876.0
173.0
634.0
675.0
84.0
1572.0
1452.0
1907.0
1292.0
2374.0
39.0
1438.0
2343.0
1122.0
2685.0
84.0
369.0
2824.0
1680.0
1766.0
1303.0
627.0
342.0
2415.0
1275.0
59.0
524.0
1122.0
2685.0
84.0
369.0
2824.0
1680.0
1766.0
1303.0
627.0
342.0
2415.0
1275.0
59.0
524.0
1015.0
84.0
1907.0
1230.0
373.0
1597.0
748.0
2822.0
292.0
3286.0
1660.0
1122.0
1961.0
2535.0
1650.0
2724.0
1352.0
1449.0
207.0
2107.0
527.0
2357.0
1218.0
970.0
462.0
221.0
347.0
1294.0
2357.0
877.0
1096.0
314.0
3149.0
1555.0
1449.0
2837.0
789.0
1414.0
2841.0
1048.0
1560.0
314.0
373.0
1052.0
1392.0
35.0
2679.0
314.0
65.0
1076.0
1230.0
1892.0
373.0
1015.0
332.0
373.0
244.0
1353.0
2584.0
1700.0
869.0
1218.0
299.0
502.0
2256.0
1392.0
2693.0
1673.0

