789.0
2680.0
1635.0
1621.0
1309.0
1449.0
48.0
1048.0
375.0
1338.0
1024.0
2254.0
2250.0
1011.0
2488.0
2174.0
1907.0
159.0
2119.0
1449.0
154.0
1734.0
1968.0
1052.0
1097.0
1051.0
1452.0
1907.0
1052.0
1097.0
1051.0
1452.0
1907.0
412.0
371.0
1859.0
675.0
907.0
573.0
789.0
1449.0
2218.0
207.0
347.0
2142.0
2510.0
1096.0
1154.0
2287.0
1705.0
1326.0
1449.0
375.0
78.0
1337.0
139.0
105.0
1852.0
316.0
742.0
653.0
1978.0
1452.0
2249.0
726.0
1474.0
743.0
984.0
169.0
744.0
2102.0
2344.0
1675.0
2619.0
1907.0
835.0
2039.0
2914.0
2287.0
1705.0
1326.0
1449.0
375.0
78.0
1337.0
139.0
105.0
1852.0
316.0
742.0
653.0
1978.0
1452.0
2249.0
726.0
1474.0
743.0
984.0
169.0
744.0
2102.0
2344.0
1675.0
2619.0
1907.0
835.0
2039.0
2914.0
678.0
1386.0
789.0
843.0
2769.0
1767.0
738.0
1735.0
2252.0
618.0
311.0
2727.0
225.0
78.0
2127.0
1337.0
859.0
139.0
2329.0
1852.0
607.0
1452.0
1227.0
1907.0
744.0
1421.0
526.0
25.0
1652.0
695.0
1452.0
2249.0
494.0
3087.0
630.0
1023.0
880.0
1449.0
783.0
2123.0
2123.0
2474.0
2776.0
1085.0
2444.0
3322.0
1878.0
2363.0
424.0
412.0
1068.0
496.0
1969.0
335.0
675.0
371.0
412.0
1859.0
78.0
1558.0
807.0
1452.0
2809.0
583.0
764.0
719.0
3044.0
2249.0
3328.0
179.0
1303.0
1363.0
721.0
525.0
3175.0
412.0
139.0
2717.0
96.0
2885.0
476.0
207.0
1495.0
965.0
2258.0
3205.0
1190.0
220.0
956.0
2317.0
1452.0
1125.0
2048.0
1477.0
156.0
2444.0
3322.0
1878.0
538.0
1907.0
871.0
207.0
573.0
78.0
1480.0
2843.0
1011.0
2634.0
1255.0
466.0
1402.0
512.0
1011.0
2634.0
1255.0
466.0
1402.0
512.0
1907.0
573.0
528.0
1245.0
1652.0
1160.0
139.0
1572.0
412.0
3027.0
2119.0
1907.0
1104.0
1523.0
883.0
1763.0
789.0
2090.0
1412.0
2474.0
2145.0
2670.0
2444.0
2376.0
1878.0
2443.0
789.0
1309.0
1841.0
1907.0
207.0
1907.0
878.0
832.0
1052.0
2199.0
412.0
744.0
1052.0
1907.0
1452.0
3087.0
1183.0
179.0
1449.0
412.0
744.0
1052.0
1907.0
1452.0
3087.0
1183.0
179.0
1449.0
2104.0
410.0
412.0
1146.0
1187.0
1907.0
100.0
184.0
1076.0
525.0
2199.0
1449.0
789.0
1309.0
78.0
375.0
1337.0
859.0
525.0
1169.0
139.0
301.0
557.0
743.0
340.0
2846.0
169.0
1907.0
744.0
207.0
1259.0
3215.0
1806.0
1971.0
992.0
1452.0
2249.0
1245.0
1244.0
2473.0
970.0
2474.0
1122.0
1572.0
1907.0
342.0
369.0
2513.0
950.0
2998.0
1097.0
1210.0
970.0
1808.0
209.0
789.0
2620.0
726.0
412.0
1438.0
78.0
1576.0
1624.0
789.0
496.0
2443.0
169.0
1907.0
3043.0
1519.0
207.0
573.0
0.0
1808.0
1404.0
1894.0
2655.0
2558.0
2607.0
2341.0
93.0
1884.0
1449.0
1052.0
2199.0
2634.0
1255.0
466.0
354.0
1218.0
789.0
1309.0
1841.0
1907.0
207.0
1452.0
2249.0
305.0
2811.0
1907.0
100.0
184.0
1076.0
525.0
2199.0
496.0
169.0
139.0
744.0
573.0
1907.0
39.0
719.0
1087.0
1169.0
1097.0
1808.0
1011.0
1878.0
783.0
3041.0
1905.0
1005.0
1265.0
970.0
2633.0
3170.0
276.0
994.0
1168.0
2483.0
2663.0
2160.0
55.0
1907.0
1230.0
2374.0
1015.0
1011.0
1039.0
169.0
1892.0
2018.0
3157.0
929.0
1991.0
2102.0
744.0
2777.0
2079.0
892.0
2152.0
143.0
2566.0
333.0
1153.0
555.0
853.0
375.0
808.0
2709.0
1298.0
883.0
1452.0
71.0
726.0
924.0
643.0
604.0
573.0
2141.0
65.0
1859.0
853.0
225.0
573.0
789.0
780.0
1900.0
439.0
412.0
789.0
3027.0
1172.0
207.0
270.0
3126.0
1907.0
573.0
1015.0
220.0
1907.0
789.0
2374.0
369.0
1927.0
929.0
1480.0
719.0
412.0
169.0
2643.0
789.0
1230.0
2099.0
1068.0
1907.0
470.0
1425.0
1160.0
139.0
1572.0
412.0
3027.0
789.0
918.0
1309.0
1452.0
1907.0
2375.0
1322.0
2594.0
1567.0
526.0
573.0
783.0
1160.0
2199.0
789.0
51.0
789.0
1572.0
1907.0
342.0
573.0
1861.0
1664.0
34.0
296.0
789.0
1011.0
1907.0
1543.0
1806.0
2006.0
412.0
139.0
3089.0
744.0
876.0
1068.0
173.0
1315.0
831.0
1907.0
1859.0
2953.0
3135.0
834.0
1436.0
1048.0
78.0
1907.0
1094.0
3336.0
1538.0
496.0
2934.0
443.0
1449.0
1747.0
1506.0
496.0
2934.0
443.0
1449.0
1747.0
1506.0
356.0
354.0
496.0
21.0
3275.0
356.0
354.0
496.0
21.0
3275.0
1907.0
851.0
139.0
2049.0
451.0
525.0
207.0
789.0
496.0
169.0
1122.0
1245.0
464.0
1076.0
1449.0
1402.0
1245.0
464.0
1076.0
1449.0
1402.0
3044.0
1074.0
719.0
1452.0
325.0
348.0
400.0
622.0
1978.0
1624.0
489.0
970.0
1298.0
1303.0
2709.0
3325.0
1558.0
902.0
2633.0
1425.0
354.0
77.0
1837.0
1011.0
3170.0
65.0
2515.0
833.0
1907.0
3336.0
1282.0
1449.0
2037.0
1449.0
1808.0
1449.0
1808.0
1302.0
1556.0
783.0
1525.0
1052.0
1011.0
813.0
1881.0
1808.0
969.0
169.0
1217.0
1771.0
834.0
298.0
3175.0
2102.0
2966.0
1624.0
1034.0
1052.0
1169.0
789.0
896.0
744.0
78.0
1599.0
884.0
917.0
2747.0
314.0
789.0
354.0
1907.0
412.0
1157.0
2443.0
840.0
834.0
876.0
1068.0
173.0
1315.0
831.0
1907.0
1859.0
1859.0
876.0
675.0
412.0
634.0
1907.0
1312.0
1812.0
119.0
789.0
1806.0
2059.0
663.0
348.0
259.0
2441.0
2102.0
2357.0
2674.0
83.0
1419.0
1558.0
2474.0
968.0
244.0
1559.0
2933.0
803.0
968.0
244.0
1559.0
2933.0
803.0
1048.0
53.0
1555.0
1978.0
158.0
206.0
375.0
795.0
2357.0
1675.0
1183.0
221.0
1852.0
2102.0
2340.0
1653.0
521.0
169.0
53.0
1978.0
2591.0
1089.0
375.0
2705.0
549.0
199.0
106.0
1421.0
2102.0
1229.0
2357.0
2357.0
2383.0
1329.0
1452.0
1160.0
2655.0
618.0
221.0
375.0
165.0
2059.0
1192.0
1907.0
1402.0
1572.0
342.0
207.0
1052.0
412.0
573.0
2412.0
2759.0
2610.0
287.0
2619.0
3096.0
678.0
2016.0
2576.0
1907.0
2041.0
678.0
2016.0
2576.0
1907.0
2041.0
678.0
1435.0
222.0
789.0
1945.0
1943.0
1572.0
1011.0
1907.0
342.0
1943.0
1572.0
1011.0
1907.0
342.0
1907.0
1624.0
1005.0
1931.0
2491.0
1052.0
602.0
1572.0
1907.0
1292.0
1572.0
1011.0
512.0
1907.0
3314.0
173.0
1859.0
876.0
318.0
1965.0
675.0
1907.0
132.0
1907.0
876.0
1534.0
1572.0
342.0
1586.0
1718.0
42.0
1216.0
2855.0
720.0
497.0
680.0
2030.0
1398.0
1382.0
233.0
1180.0
2177.0
2132.0
234.0
1586.0
1718.0
42.0
1216.0
2855.0
720.0
497.0
680.0
2030.0
1398.0
1382.0
233.0
1180.0
2177.0
2132.0
234.0
2674.0
483.0
1449.0
598.0
139.0
1452.0
412.0
1058.0
152.0
3180.0
789.0
1011.0
1907.0
584.0
663.0
3317.0
1824.0
263.0
2581.0
1230.0
170.0
2170.0
1804.0
1250.0
1907.0
365.0
2553.0
1702.0
1514.0
184.0
221.0
347.0
139.0
441.0
387.0
25.0
496.0
1011.0
412.0
744.0
1316.0
584.0
491.0
1808.0
2567.0
2607.0
78.0
3003.0
1773.0
1452.0
375.0
1894.0
451.0
1230.0
373.0
1015.0
2357.0
1218.0
652.0
2249.0
1122.0
573.0
347.0
84.0
65.0
1076.0
1230.0
1960.0
1015.0
1907.0
3204.0
1449.0
1097.0
1051.0
1315.0
1459.0
1404.0
599.0
1458.0
1552.0
1907.0
167.0
19.0
2488.0
2870.0
2174.0
2443.0
1122.0
573.0
789.0
2059.0
1768.0
202.0
573.0
789.0
2059.0
1768.0
202.0
1859.0
675.0
318.0
1907.0
371.0
1122.0
84.0
314.0
1052.0
369.0
3181.0
375.0
48.0
2327.0
1924.0
1337.0
77.0
526.0
1163.0
1452.0
657.0
950.0
2998.0
2444.0
3322.0
347.0
1096.0
2591.0
1154.0
1449.0
648.0
2468.0
2672.0
2268.0
573.0
153.0
221.0
1478.0
789.0
1449.0
1402.0
2059.0
1806.0
853.0
1414.0
1449.0
1402.0
1498.0
2670.0
2612.0
1257.0
1829.0
237.0
1907.0
2053.0
1144.0
3170.0
970.0
1907.0
207.0
789.0
544.0
694.0
1217.0
1280.0
853.0
876.0
789.0
1907.0
207.0
853.0
876.0
789.0
1907.0
207.0
2051.0
789.0
1775.0
371.0
502.0
2709.0
1449.0
1169.0
541.0
859.0
525.0
1169.0
593.0
1309.0
94.0
3325.0
1339.0
375.0
2327.0
1924.0
1106.0
119.0
2525.0
2676.0
490.0
221.0
2657.0
1756.0
495.0
1564.0
139.0
261.0
1437.0
1122.0
921.0
1011.0
1039.0
1907.0
1011.0
412.0
1907.0
1768.0
512.0
1449.0
2725.0
498.0
754.0
538.0
528.0
2591.0
237.0
1664.0
669.0
910.0
1436.0
1452.0
889.0
910.0
1436.0
1452.0
889.0
1452.0
78.0
1245.0
2442.0
1452.0
78.0
1245.0
2442.0
1452.0
78.0
3087.0
3170.0
1452.0
78.0
3087.0
3170.0
410.0
139.0
896.0
736.0
412.0
1558.0
2287.0
60.0
124.0
2039.0
2619.0
3129.0
2552.0
783.0
105.0
690.0
3170.0
970.0
679.0
1718.0
1763.0
2655.0
1907.0
1011.0
1911.0
1052.0
1076.0
1011.0
1907.0
412.0
412.0
604.0
1485.0
1859.0
675.0
2527.0
347.0
996.0
837.0
676.0
377.0
2674.0
678.0
1970.0
730.0
404.0
1048.0
1963.0
463.0
1750.0
2721.0
968.0
1737.0
1218.0
502.0
119.0
1192.0
1464.0
1402.0
354.0
1907.0
1230.0
1597.0
1878.0
1097.0
78.0
1878.0
1097.0
78.0
65.0
225.0
1230.0
1076.0
1218.0
1449.0
878.0
1727.0
992.0
584.0
872.0
584.0
872.0
1604.0
1883.0
1452.0
182.0
1436.0
3269.0
850.0
1722.0
1824.0
1907.0
412.0
207.0
538.0
111.0
744.0
2029.0
1245.0
1722.0
1824.0
1907.0
412.0
207.0
1785.0
2846.0
1773.0
265.0
2761.0
2604.0
2151.0
1161.0
1488.0
1449.0
1907.0
2016.0
287.0
538.0
1532.0
911.0
2011.0
1452.0
783.0
1160.0
2444.0
3322.0
3292.0
834.0
739.0
25.0
171.0
1095.0
970.0
78.0
1076.0
484.0
1960.0
1015.0
65.0
1404.0
1808.0
1228.0
1443.0
2207.0
1052.0
876.0
354.0
1309.0
1110.0
483.0
1446.0
105.0
1718.0
2016.0
745.0
1907.0
817.0
3276.0
2383.0
3233.0
2344.0
2674.0
3043.0
3083.0
2794.0
932.0
1907.0
741.0
184.0
1893.0
742.0
1557.0
2351.0
1558.0
709.0
410.0
789.0
719.0
207.0
1806.0
3039.0
1631.0
1011.0
2252.0
1047.0
2660.0
283.0
2939.0
742.0
79.0
1995.0
1907.0
1752.0
1966.0
930.0
2119.0
2992.0
2750.0
2969.0
3348.0
101.0
2377.0
1012.0
2392.0
1230.0
1015.0
607.0
376.0
239.0
1011.0
1052.0
1907.0
1452.0
1431.0
2705.0
3044.0
1234.0
579.0
2301.0
43.0
2987.0
272.0
1021.0
716.0
2578.0
1593.0
613.0
429.0
1425.0
3027.0
2035.0
1308.0
285.0
1907.0
1463.0
1011.0
876.0
1218.0
502.0
2695.0
409.0
2293.0
3222.0
2669.0
197.0
1130.0
1073.0
2427.0
374.0
2082.0
1285.0
354.0
970.0
3170.0
2143.0
1907.0
412.0
525.0
1217.0
1931.0
2455.0
964.0
1123.0
1449.0
2728.0
1843.0
538.0
78.0
1485.0
2012.0
561.0
342.0
1196.0
2680.0
932.0
2597.0
224.0
744.0
385.0
1624.0
72.0
78.0
970.0
3170.0
340.0
719.0
1074.0
3044.0
1452.0
2963.0
1672.0
726.0
2619.0
399.0
1907.0
789.0
85.0
369.0
39.0
1425.0
1230.0
373.0
1076.0
1015.0
1236.0
1859.0
675.0
853.0
981.0
2829.0
2316.0
3197.0
1916.0
1449.0
2077.0
1005.0
1905.0
504.0
65.0
173.0
270.0
853.0
677.0
1122.0
51.0
39.0
84.0
1425.0
373.0
1230.0
709.0
1892.0
1015.0
1961.0
2529.0
24.0
2474.0
182.0
2966.0
1452.0
404.0
693.0
745.0
663.0
932.0
1236.0
2863.0
1907.0
1020.0
1048.0
2333.0
477.0
1891.0
1978.0
1486.0
173.0
1859.0
732.0
876.0
318.0
1449.0
3037.0
100.0
100.0
204.0
1572.0
1335.0
371.0
2072.0
526.0
502.0
139.0
1718.0
1432.0
412.0
744.0
3333.0
876.0
225.0
1859.0
502.0
1230.0
1218.0
1011.0
112.0
502.0
177.0
1122.0
3230.0
1907.0
1218.0
837.0
676.0
2379.0
417.0
1452.0
776.0
184.0
1525.0
2472.0
1808.0
525.0
970.0
2633.0
1907.0
2598.0
121.0
216.0
62.0
22.0
184.0
2102.0
1218.0
2828.0
451.0
78.0
525.0
1605.0
182.0
118.0
1461.0
91.0
184.0
3102.0
1402.0
1230.0
1076.0
348.0
1011.0
1892.0
84.0
33.0
1859.0
2198.0
1907.0
814.0
525.0
2597.0
1731.0
2699.0
2210.0
1594.0
2016.0
525.0
1793.0
1485.0
78.0
2153.0
970.0
3170.0
2680.0
789.0
354.0
2680.0
412.0
207.0
961.0
2354.0
2212.0
904.0
853.0
795.0
308.0
1582.0
2223.0
2374.0
1122.0
1015.0
1060.0
450.0
1717.0
2619.0
298.0
2199.0
2606.0
1905.0
663.0
1005.0
1345.0
1572.0
2443.0
1907.0
342.0
2038.0
764.0
1230.0
1907.0
412.0
3036.0
719.0
3044.0
2016.0
1076.0
1907.0
1303.0
1660.0
1052.0
410.0
760.0
1172.0
1383.0
207.0
354.0
1449.0
462.0
1011.0
2790.0
412.0
573.0
789.0
437.0
925.0
139.0
3027.0
410.0
760.0
1383.0
78.0
351.0
531.0
1452.0
1954.0
354.0
1449.0
462.0
1011.0
2790.0
2016.0
1452.0
1337.0
57.0
416.0
2869.0
2873.0
1637.0
1854.0
60.0
169.0
1664.0
2881.0
719.0
3270.0
1211.0
1146.0
2756.0
2007.0
1907.0
1104.0
2443.0
1931.0
404.0
1449.0
538.0
1907.0
573.0
159.0
1931.0
538.0
1907.0
573.0
159.0
1931.0
789.0
1824.0
2689.0
2016.0
207.0
1449.0
1172.0
1907.0
728.0
2411.0
1859.0
1011.0
675.0
1836.0
1074.0
719.0
876.0
371.0
2381.0
1124.0
244.0
1869.0
1192.0
1285.0
2820.0
1041.0
354.0
2801.0
783.0
1160.0
2651.0
1722.0
412.0
1907.0
573.0
876.0
6.0
2004.0
744.0
726.0
2016.0
1040.0
781.0
1904.0
2149.0
511.0
3241.0
1584.0
810.0
1076.0
116.0
129.0
1907.0
789.0
1172.0
1907.0
3027.0
207.0
1524.0
2792.0
2082.0
412.0
1548.0
1011.0
1931.0
2230.0
342.0
1859.0
818.0
831.0
354.0
1824.0
1660.0
412.0
221.0
810.0
2583.0
1011.0
3070.0
1369.0
789.0
1309.0
1806.0
1122.0
725.0
928.0
1907.0
2374.0
119.0
106.0
1251.0
1891.0
412.0
221.0
2591.0
1154.0
237.0
2821.0
1416.0
371.0
2072.0
1192.0
2252.0
584.0
1011.0
348.0
1907.0
1403.0
676.0
1436.0
84.0
1960.0
2606.0
1015.0
39.0
1449.0
1878.0
1907.0
2386.0
375.0
1718.0
2649.0
2327.0
1924.0
657.0
1452.0
259.0
3087.0
2102.0
795.0
2674.0
2019.0
545.0
2412.0
2147.0
1802.0
1665.0
2696.0
165.0
2313.0
985.0
2059.0
1096.0
1449.0
1402.0
347.0
152.0
135.0
348.0
324.0
1251.0
1423.0
1449.0
1449.0
789.0
1396.0
1910.0
2730.0
605.0
1191.0
3169.0
2374.0
2438.0
1052.0
853.0
789.0
1230.0
282.0
1020.0
1449.0
1402.0
1485.0
910.0
3145.0
837.0
2619.0
3299.0
2266.0
2661.0
1441.0
1080.0
3030.0
1251.0
119.0
2102.0
1218.0
2973.0
390.0
612.0
2426.0
1907.0
3271.0
369.0
146.0
2799.0
104.0
2374.0
84.0
1303.0
2001.0
207.0
1135.0
2572.0
2422.0
772.0
810.0
2979.0
1511.0
478.0
909.0
1907.0
2199.0
2634.0
1255.0
466.0
84.0
2443.0
760.0
1383.0
1763.0
1416.0
584.0
1460.0
1244.0
270.0
496.0
515.0
1251.0
1449.0
1907.0
1218.0
1011.0
376.0
1076.0
1015.0
1230.0
657.0
3201.0
2344.0
1183.0
1342.0
2655.0
789.0
1244.0
179.0
1525.0
2542.0
1449.0
275.0
2010.0
1358.0
495.0
1452.0
2838.0
1764.0
526.0
2262.0
1831.0
887.0
571.0
1402.0
221.0
3335.0
1516.0
1907.0
1907.0
663.0
1011.0
1572.0
947.0
1892.0
2007.0
1230.0
1449.0
84.0
663.0
1907.0
369.0
824.0
3064.0
412.0
1622.0
2273.0
1178.0
2505.0
3179.0
2826.0
1630.0
1157.0
1678.0
3116.0
2369.0
339.0
859.0
3329.0
2912.0
1475.0
3282.0
1859.0
1859.0
1907.0
675.0
979.0
2207.0
2331.0
1397.0
1138.0
2815.0
2798.0
2207.0
2050.0
1076.0
2606.0
1015.0
2800.0
789.0
1449.0
1309.0
1806.0
3253.0
2203.0
3158.0
1410.0
1997.0
3158.0
2168.0
242.0
131.0
418.0
540.0
2968.0
2891.0
2457.0
2719.0
710.0
2507.0
2625.0
2990.0
1367.0
1560.0
1032.0
1536.0
2143.0
2043.0
119.0
2812.0
1774.0
1042.0
2800.0
1444.0
371.0
2202.0
1052.0
375.0
2327.0
1924.0
789.0
48.0
65.0
84.0
2044.0
1336.0
2054.0
1519.0
1048.0
1806.0
1309.0
1790.0
810.0
218.0
191.0
1853.0
2022.0
525.0
1785.0
2199.0
623.0
709.0
342.0
67.0
1252.0
560.0
3143.0
166.0
2495.0
1212.0
3170.0
1096.0
1449.0
1402.0
347.0
152.0
135.0
348.0
324.0
1251.0
1423.0
1907.0
1048.0
1412.0
78.0
496.0
973.0
805.0
1661.0
1822.0
20.0
229.0
3234.0
1230.0
1076.0
373.0
1859.0
1808.0
1907.0
1015.0
1960.0
1907.0
1048.0
2918.0
3043.0
1718.0
1442.0
3099.0
1045.0
813.0
225.0
1449.0
1402.0
2443.0
1572.0
1907.0
342.0
78.0
2013.0
179.0
2051.0
270.0
1096.0
1449.0
1402.0
187.0
1402.0
2059.0
1206.0
2443.0
3141.0
221.0
1251.0
32.0
1423.0
451.0
1449.0
3003.0
725.0
928.0
1218.0
2834.0
256.0
868.0
2214.0
2333.0
2102.0
3003.0
622.0
1485.0
375.0
21.0
119.0
348.0
1217.0
3149.0
1843.0
91.0
249.0
1052.0
1416.0
1894.0
270.0
1449.0
496.0
602.0
1402.0
173.0
207.0
225.0
65.0
1859.0
2674.0
925.0
1449.0
1402.0
2729.0
1218.0
3035.0
1402.0
744.0
119.0
2051.0
97.0
2530.0
221.0
270.0
1722.0
1572.0
1907.0
2082.0
1763.0
1608.0
719.0
207.0
1172.0
1824.0
1907.0
1841.0
375.0
1718.0
2649.0
2327.0
1924.0
657.0
1452.0
259.0
3087.0
2102.0
795.0
2674.0
221.0
2869.0
165.0
2399.0
1907.0
1186.0
1076.0
2374.0
221.0
405.0
996.0
1052.0
1907.0
412.0
2597.0
817.0
1806.0
207.0
2208.0
1230.0
1015.0
1718.0
373.0
1569.0
525.0
221.0
2966.0
1525.0
375.0
879.0
1558.0
573.0
2064.0
221.0
225.0
352.0
2357.0
1449.0
2655.0
535.0
75.0
221.0
1449.0
273.0
179.0
3245.0
908.0
1036.0
1096.0
622.0
2780.0
206.0
663.0
525.0
105.0
789.0
437.0
199.0
2684.0
58.0
119.0
1939.0
2607.0
984.0
1888.0
2249.0
970.0
1449.0
1048.0
1309.0
873.0
2395.0
2227.0
823.0
3117.0
1612.0
859.0
2579.0
225.0
3028.0
2727.0
2840.0
202.0
620.0
1907.0
1452.0
282.0
2709.0
2846.0
407.0
744.0
444.0
1972.0
2310.0
221.0
30.0
139.0
165.0
348.0
663.0
525.0
105.0
789.0
437.0
1402.0
2443.0
538.0
187.0
1402.0
2059.0
1206.0
2443.0
173.0
1859.0
2800.0
675.0
371.0
853.0
2199.0
2634.0
1255.0
466.0
1907.0
3015.0
1449.0
1048.0
2984.0
1245.0
78.0
78.0
573.0
597.0
1011.0
2546.0
2412.0
2173.0
559.0
533.0
1230.0
373.0
2348.0
2479.0
108.0
893.0
371.0
2072.0
538.0
2443.0
1230.0
718.0
729.0
1400.0
502.0
2374.0
1462.0
1136.0
3246.0
2694.0
237.0
2051.0
1218.0
1732.0
65.0
1122.0
2598.0
314.0
1052.0
150.0
1449.0
1806.0
789.0
573.0
1309.0
2059.0
221.0
1181.0
2399.0
515.0
2443.0
1251.0
1344.0
2002.0
1011.0
112.0
512.0
169.0
789.0
970.0
1696.0
1452.0
350.0
831.0
1076.0
526.0
207.0
1449.0
1402.0
1251.0
707.0
2484.0
221.0
2051.0
165.0
607.0
125.0
1169.0
1449.0
622.0
1452.0
726.0
1273.0
1852.0
3003.0
822.0
618.0
221.0
2674.0
1154.0
1468.0
1192.0
221.0
165.0
1183.0
125.0
1378.0
723.0
746.0
859.0
2413.0
375.0
2433.0
535.0
202.0
2913.0
1806.0
573.0
544.0
1578.0
2224.0
1076.0
149.0
1015.0
1230.0
1425.0
709.0
2026.0
2280.0
467.0
1457.0
173.0
1859.0
675.0
2072.0
1907.0
410.0
2038.0
780.0
1900.0
412.0
410.0
2038.0
780.0
1900.0
412.0
1122.0
51.0
1076.0
607.0
1319.0
910.0
65.0
1533.0
2952.0
373.0
1907.0
789.0
410.0
412.0
207.0
910.0
1795.0
2870.0
1402.0
169.0
1626.0
2461.0
385.0
1459.0
1902.0
1206.0
496.0
169.0
257.0
1402.0
259.0
1867.0
1449.0
1318.0
1452.0
494.0
245.0
834.0
3135.0
813.0
2953.0
2727.0
2655.0
1894.0
221.0
165.0
1560.0
1924.0
237.0
3338.0
2412.0
371.0
1337.0
656.0
789.0
270.0
237.0
2668.0
744.0
119.0
221.0
725.0
3042.0
1497.0
2051.0
225.0
998.0
1402.0
2177.0
1254.0
496.0
169.0
1402.0
495.0
663.0
350.0
3304.0
2946.0
3259.0
119.0
600.0
451.0
356.0
1901.0
831.0
221.0
2583.0
3236.0
902.0
1449.0
342.0
2374.0
375.0
1449.0
1402.0
1011.0
2327.0
1122.0
573.0
84.0
2148.0
789.0
789.0
275.0
871.0
616.0
1068.0
221.0
347.0
2670.0
725.0
165.0
1076.0
1015.0
1907.0
2963.0
1192.0
221.0
760.0
2059.0
538.0
221.0
352.0
2134.0
2621.0
1206.0
1011.0
1146.0
1452.0
3339.0
2908.0
410.0
139.0
1907.0
207.0
412.0
410.0
139.0
1907.0
207.0
412.0
410.0
139.0
1907.0
207.0
412.0
789.0
1907.0
1449.0
1964.0
2489.0
1519.0
1931.0
886.0
1806.0
1309.0
1011.0
2016.0
1660.0
412.0
1425.0
173.0
1859.0
2118.0
675.0
2072.0
1409.0
1877.0
507.0
1915.0
2045.0
530.0
1780.0
1907.0
2260.0
1916.0
1015.0
1076.0
314.0
2374.0
2984.0
1433.0
1449.0
1230.0
2911.0
1892.0
84.0
1402.0
1414.0
1147.0
2383.0
2655.0
1978.0
2167.0
222.0
789.0
1230.0
1218.0
237.0
1110.0
1309.0
789.0
295.0
207.0
1806.0
853.0
1192.0
803.0
789.0
1011.0
853.0
1192.0
803.0
789.0
1011.0

