314.0
112.0
803.0
65.0
84.0
1122.0
1862.0
1076.0
1015.0
7.0
1835.0
1076.0
184.0
1983.0
292.0
1824.0
412.0
1392.0
1076.0
2802.0
175.0
3001.0
1554.0
165.0
2508.0
2084.0
1.0
412.0
347.0
626.0
1076.0
184.0
3336.0
812.0
65.0
1892.0
1086.0
1097.0
1051.0
1624.0
1034.0
507.0
1076.0
726.0
1624.0
1034.0
65.0
1015.0
184.0
1093.0
2405.0
2085.0
1298.0
1907.0
3313.0
2390.0
1624.0
1020.0
158.0
2835.0
1218.0
54.0
314.0
1122.0
51.0
39.0
777.0
84.0
84.0
39.0
1572.0
2499.0
45.0
854.0
2.0
1568.0
2564.0
328.0
2502.0
684.0
221.0
2051.0
1096.0
1449.0
1251.0
1122.0
1961.0
405.0
2754.0
1214.0
1076.0
1230.0
373.0
1015.0
332.0
784.0
1805.0
1076.0
84.0
1907.0
405.0
990.0
373.0
1892.0
1015.0
332.0
1961.0
784.0
2825.0
2139.0
3021.0
2220.0
1230.0
1015.0
127.0
116.0
1425.0
1076.0
84.0
1011.0
342.0
810.0
1245.0
1015.0
116.0
1660.0
408.0
369.0
84.0
1015.0
2606.0
373.0
789.0
1806.0
1309.0
1122.0
39.0
1907.0
356.0
1908.0
502.0
1425.0
1392.0
3206.0
314.0
444.0
1076.0
1015.0
2478.0
2105.0
2662.0
941.0
1609.0
1392.0
1464.0
2121.0
502.0
119.0
314.0
444.0
1076.0
1015.0
1846.0
2355.0
1097.0
1051.0
1452.0
1052.0
1122.0
1961.0
1076.0
347.0
1737.0
332.0
184.0
3206.0
113.0
356.0
1218.0
314.0
394.0
1076.0
709.0
408.0
1294.0
314.0
102.0
317.0
502.0
2027.0
112.0
1218.0
2584.0
2631.0
1737.0
436.0
1218.0
184.0
65.0
1076.0
130.0
1218.0
184.0
65.0
1076.0
130.0
1015.0
1892.0
184.0
1706.0
405.0
65.0
314.0
448.0
2598.0
1052.0
1076.0
1218.0
448.0
2598.0
1052.0
1076.0
1218.0
3144.0
1096.0
1218.0
2105.0
1192.0
744.0
237.0
1444.0
412.0
1076.0
218.0
1015.0
1015.0
332.0
1961.0
112.0
412.0
244.0
1127.0
1880.0
3093.0
1611.0
322.0
1122.0
1907.0
573.0
1791.0
3302.0
1275.0
1848.0
1869.0
970.0
2633.0
604.0
957.0
1122.0
1907.0
573.0
1791.0
3302.0
1275.0
1848.0
1869.0
970.0
2633.0
604.0
957.0
963.0
1076.0
2653.0
184.0
501.0
2655.0
1040.0
2633.0
292.0
112.0
342.0
365.0
3038.0
332.0
641.0
1365.0
221.0
2670.0
3112.0
237.0
412.0
84.0
368.0
45.0
2606.0
373.0
51.0
39.0
777.0
220.0
1122.0
84.0
1425.0
371.0
502.0
1230.0
1076.0
910.0
1943.0
1218.0
560.0
792.0
1197.0
2781.0
3076.0
1076.0
314.0
3190.0
560.0
709.0
1648.0
2401.0
1054.0
1973.0
326.0
578.0
1246.0
1779.0
1943.0
1445.0
1218.0
762.0
172.0
2812.0
1343.0
2522.0
2065.0
1122.0
856.0
1015.0
2640.0
1907.0
1076.0
1011.0
1392.0
116.0
62.0
1351.0
412.0
1624.0
2995.0
258.0
314.0
3059.0
2503.0
502.0
1057.0
1907.0
1011.0
342.0
853.0
369.0
65.0
84.0
1537.0
627.0
559.0
1218.0
2357.0
1096.0
347.0
1122.0
1052.0
1392.0
1946.0
1218.0
419.0
1948.0
1076.0
314.0
348.0
405.0
89.0
296.0
65.0
968.0
1076.0
1218.0
84.0
2849.0
314.0
1011.0
737.0
317.0
84.0
1122.0
39.0
1907.0
2007.0
1315.0
444.0
1449.0
1402.0
1907.0
853.0
1392.0
1890.0
1218.0
1452.0
1011.0
369.0
39.0
121.0
748.0
373.0
1015.0
1230.0
1766.0
1509.0
2360.0
1031.0
1456.0
84.0
1122.0
2824.0
65.0
2074.0
320.0
1066.0
2930.0
2790.0
970.0
2633.0
1680.0
3228.0
1052.0
1076.0
116.0
1011.0
1122.0
38.0
84.0
65.0
314.0
709.0
1892.0
1015.0
1230.0
3285.0
184.0
1892.0
512.0
1015.0
373.0
1230.0
901.0
332.0
1907.0
709.0
365.0
1218.0
1930.0
99.0
1076.0
1052.0
224.0
341.0
1091.0
2082.0
1076.0
1218.0
1011.0
642.0
1943.0
116.0
67.0
3206.0
977.0
1425.0
221.0
2670.0
3112.0
237.0
412.0
84.0
368.0
45.0
2606.0
373.0
2598.0
1315.0
373.0
1076.0
1892.0
65.0
2182.0
2532.0
2246.0
867.0
502.0
369.0
2033.0
1076.0
2754.0
84.0
112.0
3209.0
1218.0
1427.0
2466.0
2735.0
1075.0
353.0
2000.0
3304.0
1625.0
2088.0
166.0
3027.0
1202.0
3225.0
2926.0
3148.0
2299.0
1875.0
3223.0
342.0
709.0
404.0
84.0
1076.0
693.0
2707.0
1425.0
1015.0
112.0
1218.0
373.0
1467.0
1706.0
920.0
1218.0
184.0
496.0
169.0
51.0
39.0
307.0
1015.0
1076.0
1531.0
2993.0
65.0
784.0
798.0
2754.0
1218.0
184.0
461.0
538.0
1011.0
2814.0
237.0
894.0
1122.0
84.0
369.0
2069.0
2824.0
1122.0
84.0
1718.0
157.0
1572.0
347.0
314.0
1218.0
112.0
184.0
2594.0
922.0
2528.0
1214.0
3155.0
1076.0
1015.0
65.0
218.0
977.0
1097.0
112.0
1250.0
2963.0
2249.0
2597.0
1218.0
3141.0
451.0
2828.0
1423.0
32.0
1827.0
1251.0
1193.0
477.0
1675.0
119.0
1987.0
3149.0
1317.0
514.0
348.0
3058.0
1449.0
822.0
1452.0
495.0
3126.0
1024.0
797.0
2232.0
65.0
1015.0
314.0
1218.0
356.0
3115.0
347.0
942.0
1096.0
1667.0
789.0
1076.0
2059.0
1309.0
1806.0
1122.0
84.0
2528.0
3155.0
524.0
1122.0
84.0
369.0
1869.0
766.0
1961.0
2985.0
970.0
1425.0
2606.0
1015.0
1907.0
1015.0
332.0
671.0
1983.0
292.0
2954.0
1892.0
1230.0
1960.0
424.0
188.0
1076.0
1230.0
373.0
1015.0
412.0
1011.0
709.0
835.0
1218.0
84.0
1907.0
1015.0
2606.0
2549.0
332.0
406.0
2322.0
1393.0
65.0
1624.0
51.0
39.0
84.0
777.0
2528.0
502.0
65.0
2532.0
369.0
84.0
1122.0
1183.0
426.0
1556.0
412.0
557.0
2357.0
65.0
1122.0
51.0
39.0
84.0
876.0
1260.0
2040.0
675.0
1218.0
3168.0
733.0
1011.0
1152.0
146.0
1464.0
632.0
530.0
2040.0
2500.0
2927.0
3188.0
1425.0
876.0
2598.0
1274.0
1076.0
67.0
952.0
1282.0
3336.0
1907.0
789.0
1565.0
970.0
1341.0
2536.0
2905.0
1333.0
289.0
2505.0
2199.0
1275.0
369.0
84.0
1230.0
1572.0
1907.0
1425.0
747.0
943.0
1597.0
801.0
1737.0
84.0
314.0
1015.0
237.0
292.0
1076.0
1218.0
709.0
1011.0
16.0
1122.0
84.0
350.0
831.0
84.0
314.0
373.0
356.0
354.0
369.0
1015.0
332.0
1892.0
65.0
1230.0
2841.0
879.0
2344.0
1076.0
496.0
169.0
1122.0
573.0
51.0
39.0
777.0
1572.0
1842.0
1806.0
789.0
301.0
1228.0
2307.0
223.0
2606.0
373.0
2.0
375.0
859.0
671.0
1886.0
2493.0
1015.0
84.0
184.0
1076.0
1907.0
1230.0
373.0
446.0
356.0
113.0
928.0
1218.0
1892.0
332.0
314.0
65.0
2713.0
902.0
1218.0
317.0
1988.0
3227.0
1347.0
2667.0
354.0
84.0
65.0
373.0
2606.0
1076.0
184.0
1907.0
970.0
356.0
1892.0
1015.0
1076.0
65.0
84.0
314.0
709.0
1298.0
1222.0
1122.0
3027.0
524.0
1107.0
560.0
347.0
2851.0
784.0
3159.0
1143.0
1315.0
412.0
1943.0
356.0
1015.0
1122.0
314.0
444.0
1076.0
1218.0
970.0
1015.0
1076.0
1011.0
332.0
2505.0
1449.0
2655.0
109.0
2373.0
1429.0
1298.0
179.0
2357.0
1218.0
347.0
1076.0
496.0
169.0
1122.0
573.0
65.0
1076.0
1624.0
1066.0
1076.0
348.0
510.0
419.0
1907.0
1076.0
709.0
184.0
1311.0
1606.0
3190.0
1493.0
989.0
100.0
2517.0
1943.0
1261.0
1905.0
484.0
2613.0
2854.0
88.0
2544.0
885.0
84.0
1907.0
1122.0
1907.0
977.0
709.0
484.0
22.0
1315.0
412.0
1943.0
356.0
1015.0
65.0
347.0
356.0
1218.0
314.0
1076.0
1907.0
84.0
1122.0
39.0
1223.0
1303.0
682.0
1960.0
1015.0
332.0
2.0
1597.0
1425.0
1456.0
1400.0
113.0
376.0
263.0
484.0
196.0
3180.0
860.0
524.0
1481.0
3200.0
1411.0
1301.0
3004.0
3084.0
2815.0
581.0
3151.0
255.0
1483.0
870.0
1981.0
1500.0
65.0
356.0
1076.0
1218.0
184.0
1791.0
682.0
748.0
1315.0
51.0
813.0
422.0
348.0
937.0
674.0
502.0
65.0
2532.0
369.0
84.0
1122.0
1183.0
426.0
1556.0
412.0
557.0
2357.0
84.0
1230.0
1015.0
709.0
1907.0
1122.0
854.0
3225.0
328.0
1766.0
1303.0
1122.0
51.0
39.0
84.0
1425.0
314.0
65.0
84.0
1294.0
1737.0
789.0
1946.0
1076.0
1218.0
3190.0
1076.0
810.0
1122.0
84.0
65.0
314.0
184.0
1907.0
218.0
130.0
1011.0
1425.0
2606.0
1960.0
1015.0
116.0
1392.0
2199.0
2598.0
1892.0
1916.0
1660.0
347.0
1218.0
748.0
373.0
1015.0
332.0
709.0
1737.0
65.0
356.0
1092.0
1076.0
65.0
525.0
924.0
789.0
356.0
444.0
1572.0
1907.0
342.0
502.0
84.0
1122.0
373.0
1052.0
1230.0
1907.0
1892.0
1015.0
1122.0
1230.0
369.0
2201.0
369.0
84.0
1907.0
524.0
2824.0
1907.0
39.0
1680.0
499.0
373.0
1230.0
332.0
1015.0
1806.0
789.0
1309.0
375.0
37.0
1436.0
425.0
3139.0
1020.0
638.0
2687.0
1425.0
1392.0
1345.0
1245.0
602.0
1907.0
1005.0
65.0
1076.0
1052.0
548.0
944.0
784.0
3190.0
2446.0
406.0
1054.0
218.0
65.0
1122.0
84.0
2363.0
987.0
51.0
39.0
84.0
777.0
1572.0
1631.0
1425.0
84.0
1572.0
1907.0
342.0
763.0
2754.0
184.0
1015.0
2993.0
1022.0
897.0
356.0
1218.0
796.0
1392.0
398.0
369.0
87.0
2394.0
130.0
2698.0
1311.0
1246.0
2869.0
2051.0
1214.0
412.0
502.0
2754.0
646.0
1400.0
1076.0
3206.0
1969.0
1218.0
1057.0
1529.0
221.0
948.0
496.0
1858.0
1192.0
373.0
1230.0
332.0
748.0
1015.0
292.0
3073.0
671.0
3162.0
51.0
39.0
84.0
1706.0
1076.0
1961.0
1015.0
1892.0
709.0
1810.0
2.0
1230.0
373.0
184.0
1076.0
65.0
314.0
65.0
1574.0
2450.0
244.0
803.0
502.0
1076.0
112.0
1959.0
314.0
1086.0
1345.0
1245.0
1076.0
611.0
1907.0
84.0
1015.0
1961.0
2606.0
373.0
1015.0
184.0
1076.0
84.0
65.0
65.0
184.0
112.0
555.0
502.0
398.0
178.0
356.0
1935.0
350.0
113.0
2267.0
1050.0
1175.0
369.0
1015.0
332.0
1907.0
1892.0
314.0
444.0
663.0
1076.0
173.0
1859.0
797.0
675.0
634.0
221.0
725.0
928.0
1230.0
119.0
65.0
2894.0
2191.0
130.0
314.0
440.0
184.0
633.0
1399.0
1122.0
347.0
51.0
2.0
84.0
1052.0
1015.0
709.0
1892.0
184.0
1695.0
1943.0
356.0
1741.0
67.0
347.0
314.0
1392.0
789.0
1076.0
1983.0
1096.0
65.0
2226.0
84.0
356.0
1907.0
184.0
1076.0
112.0
1015.0
1230.0
332.0
373.0
292.0
2393.0
1406.0
2633.0
51.0
65.0
725.0
2363.0
1230.0
369.0
332.0
2286.0
354.0
2633.0
2907.0
1015.0
2812.0
184.0
491.0
1015.0
709.0
1772.0
1616.0
1624.0
2412.0
1452.0
1878.0
783.0
2602.0
476.0
2642.0
909.0
1502.0
2341.0
304.0
1907.0
2560.0
1169.0
1341.0
150.0
502.0
568.0
106.0
65.0
412.0
347.0
444.0
1218.0
1892.0
184.0
1076.0
1076.0
348.0
510.0
419.0
1122.0
51.0
39.0
84.0
1825.0
1156.0
1898.0
789.0
1076.0
130.0
1907.0
3336.0
184.0
345.0
3248.0
709.0
1892.0
2687.0
2458.0
327.0
933.0
3128.0
1076.0
512.0
1907.0
1425.0
1015.0
229.0
188.0
424.0
2414.0
1907.0
39.0
1076.0
1015.0
1015.0
766.0
784.0
1346.0
1961.0
2606.0
1960.0
1907.0
365.0
560.0
1044.0
1076.0
65.0
3231.0
1961.0
215.0
1907.0
1907.0
1230.0
775.0
84.0
373.0
1015.0
332.0
2502.0
84.0
184.0
1076.0
65.0
1907.0
559.0
1425.0
1230.0
1960.0
1122.0
775.0
2502.0
2824.0
854.0
1563.0
2883.0
2278.0
527.0
113.0
356.0
1572.0
709.0
354.0
709.0
1218.0
1015.0
2456.0
65.0
314.0
1076.0
332.0
184.0
901.0
130.0
449.0
1737.0
1122.0
1572.0
1907.0
342.0
369.0
314.0
65.0
2319.0
148.0
356.0
3069.0
1901.0
292.0
3152.0
1076.0
67.0
395.0
1425.0
810.0
184.0
1076.0
314.0
130.0
455.0
2056.0
833.0
525.0
856.0
1076.0
1122.0
347.0
65.0
1218.0
130.0
3206.0
113.0
85.0
1122.0
748.0
51.0
39.0
777.0
2598.0
1859.0
876.0
1392.0
1076.0
902.0
2357.0
65.0
1076.0
1907.0
125.0
1978.0
1624.0
2619.0
1675.0
502.0
119.0
1084.0
1961.0
901.0
548.0
264.0
2690.0
1122.0
314.0
184.0
1907.0
65.0
84.0
3161.0
184.0
2754.0
1059.0
1076.0
1907.0
1015.0
2339.0
2279.0
130.0
2784.0
708.0
2236.0
1122.0
970.0
84.0
65.0
220.0
2312.0
1907.0
314.0
1076.0
184.0
354.0
356.0
412.0
1839.0
50.0
3123.0
688.0
2003.0
3131.0
1182.0
2638.0
493.0
1425.0
65.0
1076.0
1907.0
970.0
1030.0
2633.0
356.0
354.0
1392.0
1470.0
67.0
1218.0
2357.0
1386.0
222.0
799.0
1218.0
750.0
1076.0
1218.0
502.0
1122.0
350.0
1122.0
84.0
314.0
783.0
1525.0
1076.0
373.0
2606.0
1015.0
3003.0
2936.0
726.0
762.0
970.0
1086.0
753.0
1859.0
2439.0
2994.0
1892.0
1907.0
2685.0
2029.0
1814.0
84.0
1122.0
1020.0
1002.0
1052.0
1400.0
1086.0
347.0
1704.0
3154.0
2267.0
767.0
1076.0
184.0
1907.0
1037.0
1015.0
2606.0
1960.0
1892.0
1076.0
1961.0
373.0
1230.0
1015.0
1122.0
51.0
39.0
84.0
1600.0
1122.0
2137.0
1907.0
1011.0
673.0
3139.0
484.0
1960.0
1015.0
784.0
766.0
3.0
560.0
2749.0
65.0
1066.0
1425.0
1122.0
1076.0
1122.0
314.0
350.0
853.0
1307.0
2532.0
1361.0
502.0
1218.0
2357.0
1154.0
354.0
1392.0
1470.0
350.0
1402.0
1863.0
373.0
3090.0
1230.0
1040.0
502.0
1315.0
1230.0
1052.0
1011.0
1907.0
1728.0
789.0
173.0
1859.0
797.0
675.0
634.0
84.0
39.0
1907.0
65.0
65.0
1218.0
1015.0
356.0
113.0
1901.0
112.0
184.0
1076.0
100.0
314.0
2291.0
65.0
39.0
1011.0
1907.0
1230.0
2606.0
371.0
1859.0
1425.0
709.0
2357.0
1218.0
1015.0
512.0
371.0
596.0
748.0
184.0
347.0
1943.0
1076.0
130.0
709.0
1648.0
184.0
28.0
1246.0
1983.0
853.0
525.0
314.0
1249.0
1076.0
1015.0
237.0
314.0
65.0
194.0
1973.0
292.0
444.0
1076.0
1015.0
184.0
1907.0
1360.0
1127.0
2916.0
0.0
65.0
1907.0
1122.0
1015.0
1907.0
1122.0
1015.0
412.0
51.0
39.0
777.0
1572.0
1122.0
84.0
1052.0
819.0
1825.0
347.0
996.0
1894.0
496.0
1572.0
314.0
1230.0
1076.0
1015.0
184.0
860.0
39.0
84.0
84.0
524.0
1230.0
1960.0
1907.0
748.0
1015.0
1425.0
332.0
1597.0
39.0
2.0
682.0
3139.0
3074.0
369.0
1052.0
1793.0
1011.0
1907.0
1122.0
3045.0
65.0
895.0
1449.0
2138.0
1748.0
2023.0
3080.0
369.0
231.0
376.0
216.0
3334.0
2874.0
1999.0
1640.0
709.0
2047.0
1892.0
1230.0
905.0
1592.0
367.0
603.0
3107.0
84.0
1921.0
1315.0
1943.0
356.0
408.0
1895.0
1076.0
56.0
314.0
2573.0
974.0
2257.0
1648.0
254.0
2675.0
949.0
1246.0
313.0
2144.0
1392.0
2608.0
1503.0
2633.0
1790.0
2754.0
84.0
2515.0
2736.0
348.0
1919.0
184.0
1015.0
1230.0
1892.0
356.0
113.0
1885.0
1219.0
1868.0
1907.0
274.0
1076.0
1015.0
332.0
1775.0
1648.0
84.0
65.0
65.0
1218.0
1572.0
709.0
1076.0
1122.0
784.0
1671.0
369.0
1218.0
65.0
1157.0
1076.0
1015.0
184.0
290.0
3291.0
573.0
373.0
1052.0
1169.0
1230.0
373.0
1121.0
1430.0
1270.0
1185.0
1754.0
2922.0
1000.0
3106.0
3198.0
121.0
2768.0
2577.0
465.0
2326.0
3175.0
375.0
3075.0
1076.0
8.0
744.0
669.0
399.0
65.0
1400.0
1907.0
1076.0
65.0
184.0
356.0
2921.0
2.0
766.0
1015.0
184.0
484.0
1960.0
356.0
1961.0
784.0
1346.0
1729.0
1907.0
560.0
709.0
1810.0
2851.0
1648.0
1779.0
1943.0
958.0
4.0
1222.0
1122.0
84.0
1572.0
1907.0
342.0
3125.0
280.0
1218.0
568.0
106.0
314.0
1015.0
1076.0
84.0
1230.0
373.0
1961.0
2.0
332.0
184.0
784.0
766.0
3.0
585.0
2598.0
1218.0
709.0
1975.0
609.0
1139.0
356.0
1624.0
1550.0
356.0
1097.0
1051.0
952.0
1122.0
62.0
127.0
512.0
1907.0
1122.0
51.0
84.0
65.0
350.0
748.0
1961.0
2598.0
1315.0
1737.0
1282.0
3336.0
1907.0
789.0
1565.0
970.0
1341.0
2536.0
2905.0
1333.0
289.0
2505.0
2199.0
1275.0
369.0
184.0
65.0
373.0
1230.0
709.0
1449.0
1400.0
53.0
2357.0
1122.0
84.0
1907.0
1015.0
1960.0
2606.0
332.0
369.0
709.0
2374.0
2306.0
2910.0
813.0
1222.0
1122.0
51.0
39.0
84.0
373.0
1122.0
1086.0
314.0
1076.0
184.0
2357.0
1218.0
1907.0
970.0
356.0
3206.0
1076.0
81.0
1286.0
1015.0
1116.0
2138.0
1127.0
1624.0
1169.0
726.0
2655.0
1943.0
1076.0
642.0
3120.0
67.0
1218.0
1943.0
1052.0
1263.0
1648.0
2.0
2754.0
373.0
1015.0
332.0
1076.0
709.0
1892.0
117.0
1293.0
1527.0
1572.0
1907.0
342.0
84.0
1015.0
323.0
3333.0
876.0
1230.0
207.0
1737.0
1076.0
1015.0
833.0
2503.0
314.0
65.0
2606.0
365.0
347.0
810.0
1183.0
1218.0
84.0
1122.0
39.0
1223.0
1303.0
682.0
1960.0
1015.0
332.0
2.0
1597.0
1425.0
1456.0
1400.0
113.0
376.0
263.0
484.0
196.0
3180.0
860.0
524.0
1481.0
51.0
39.0
84.0
184.0
2374.0
654.0
86.0
524.0
1076.0
1122.0
1425.0
1412.0
2138.0
1115.0
46.0
2323.0
166.0
853.0
604.0
205.0
693.0
1076.0
2294.0
2606.0
1960.0
2702.0
1015.0
2961.0
3100.0
332.0
3.0
312.0
3007.0
748.0
1916.0
1518.0
2100.0
578.0
784.0
995.0
560.0
2722.0
1395.0
1990.0
356.0
2878.0
2492.0
1313.0
2036.0
65.0
184.0
1076.0
314.0
1076.0
1218.0
2246.0
568.0
84.0
112.0
65.0
1076.0
1015.0
332.0
65.0
1230.0
3190.0
184.0
1961.0
2905.0
100.0
989.0
1167.0
876.0
1011.0
1907.0
1449.0
2082.0
376.0
1251.0
1218.0
502.0
1907.0
977.0
709.0
484.0
22.0
1943.0
3342.0
1076.0
184.0
84.0
39.0
439.0
184.0
141.0
1122.0
1907.0
51.0
220.0
39.0
84.0
2824.0
1122.0
2302.0
2485.0
2312.0
527.0
952.0
1790.0
1392.0
1230.0
1425.0
354.0
733.0
1907.0
406.0
1076.0
1015.0
1298.0
2203.0
853.0
332.0
628.0
958.0
2.0
1097.0
1051.0
1076.0
116.0
2528.0
84.0
1015.0
1907.0
1122.0
467.0
2633.0
1748.0
1289.0
1030.0
1841.0
1122.0
1695.0
51.0
39.0
1345.0
1122.0
853.0
789.0
1230.0
1076.0
1076.0
373.0
2606.0
1015.0
3003.0
2936.0
726.0
762.0
970.0
405.0
1626.0
1076.0
2554.0
1315.0
1015.0
1076.0
84.0
1230.0
373.0
1961.0
2.0
332.0
184.0
784.0
766.0
3.0
585.0
2598.0
1218.0
709.0
1975.0
609.0
1139.0
356.0
2598.0
39.0
373.0
789.0
1230.0
2.0
332.0
1597.0
748.0
642.0
2996.0
3194.0
1704.0
1449.0
65.0
1076.0
365.0
184.0
1086.0
1251.0
32.0
1218.0
369.0
1392.0
820.0
84.0
1907.0
1052.0
354.0
1011.0
2121.0
1907.0
314.0
444.0
853.0
560.0
1907.0
84.0
2962.0
1977.0
1015.0
748.0
2.0
471.0
1346.0
1961.0
784.0
128.0
1943.0
1345.0
314.0
373.0
184.0
184.0
1076.0
853.0
726.0
1218.0
65.0
184.0
1015.0
356.0
1675.0
1076.0
1218.0
1298.0
1467.0
405.0
314.0
1218.0
184.0
573.0
84.0
65.0
373.0
1892.0
1230.0
484.0
2378.0
412.0
793.0
790.0
2203.0
2271.0
2548.0
218.0
191.0
434.0
1197.0
512.0
236.0
748.0
1015.0
1392.0
852.0
1230.0
810.0
332.0
1349.0
2025.0
2101.0
2964.0
970.0
977.0
62.0
460.0
1660.0
1394.0
1892.0
642.0
1943.0
1737.0
84.0
784.0
1122.0
1315.0
444.0
1076.0
882.0
1302.0
314.0
444.0
1556.0
1209.0
373.0
356.0
1230.0
1015.0
1892.0
1176.0
709.0
1907.0
1122.0
1916.0
1961.0
65.0
314.0
314.0
1867.0
130.0
1624.0
2995.0
1096.0
65.0
314.0
2467.0
1983.0
1076.0
2402.0
2312.0
724.0
604.0
1535.0
1892.0
693.0
1961.0
1015.0
1076.0
970.0
2633.0
1911.0
3175.0
1761.0
1907.0
2754.0
2027.0
65.0
1870.0
84.0
2875.0
2261.0
2598.0
2.0
1052.0
810.0
1076.0
1674.0
84.0
1076.0
1066.0
2267.0
1574.0
112.0
1425.0
1230.0
2897.0
1243.0
3078.0
978.0
2943.0
1418.0
975.0
2731.0
2519.0
2511.0
1209.0
1362.0
1601.0
2357.0
1580.0
1218.0
968.0
1651.0
668.0
1122.0
1864.0
444.0
2138.0
1907.0
408.0
1660.0
1230.0
1425.0
373.0
1076.0
1015.0
356.0
113.0
977.0
1907.0
2822.0
1015.0
784.0
1122.0
184.0
1916.0
1230.0
1960.0
1391.0
1892.0
1122.0
1695.0
51.0
39.0
1345.0
314.0
444.0
663.0
1076.0
347.0
444.0
1218.0
1892.0
184.0
1076.0
2690.0
1052.0
714.0
1294.0
1811.0
1076.0
84.0
65.0
314.0
184.0
405.0
1230.0
373.0
1015.0
1961.0
2502.0
2259.0
369.0
2312.0
7.0
65.0
1076.0
84.0
39.0
1122.0
1015.0
1230.0
2606.0
113.0
356.0
1935.0
1648.0
556.0
406.0
1076.0
67.0
412.0
2528.0
3155.0
1122.0
2.0
84.0
373.0
1011.0
65.0
1122.0
84.0
369.0
1218.0
1737.0
314.0
373.0
901.0
2005.0
65.0
184.0
1737.0
1230.0
373.0
1015.0
671.0
332.0
2616.0
1573.0
7.0
356.0
398.0
449.0
2506.0
527.0
1139.0
1246.0
3350.0
1449.0
1402.0
3032.0
1943.0
65.0
184.0
84.0
356.0
112.0
1907.0
1425.0
1572.0
342.0
350.0
831.0
502.0
84.0
65.0
2374.0
2357.0
586.0
1086.0
65.0
3061.0
1037.0
3154.0
373.0
1230.0
1015.0
14.0
65.0
184.0
2798.0
1737.0
626.0
1015.0
1907.0
1449.0
1400.0
53.0
2357.0
1122.0
84.0
1907.0
1015.0
1960.0
2606.0
332.0
369.0
709.0
2374.0
2306.0
2910.0
813.0
1222.0
1076.0
1015.0
65.0
1425.0
1961.0
191.0
218.0
1392.0
84.0
1122.0
877.0
1251.0
1218.0
2057.0
314.0
369.0
430.0
970.0
3170.0
2633.0
1325.0
2229.0
29.0
3000.0
130.0
971.0
347.0
2751.0
1218.0
877.0
303.0
709.0
356.0
1624.0
525.0
628.0
1076.0
65.0
148.0
1983.0
2954.0
1772.0
185.0
1624.0
1034.0
314.0
444.0
853.0
560.0
1907.0
84.0
65.0
1076.0
84.0
39.0
1122.0
1015.0
1230.0
2606.0
113.0
356.0
1935.0
1648.0
556.0
406.0
65.0
184.0
130.0
1907.0
1011.0
2967.0
184.0
1076.0
1907.0
100.0
347.0
2970.0
1015.0
1907.0
1230.0
775.0
84.0
373.0
1015.0
332.0
2502.0
84.0
1076.0
1015.0
1303.0
853.0
1076.0
709.0
350.0
354.0
2253.0
65.0
1392.0
51.0
39.0
1572.0
1907.0
342.0
1132.0
1909.0
332.0
412.0
866.0
1911.0
84.0
1530.0
373.0
1230.0
1015.0
1122.0
1791.0
784.0
671.0
1346.0
709.0
560.0
174.0
51.0
39.0
84.0
373.0
1015.0
328.0
1766.0
1303.0
332.0
748.0
1907.0
1076.0
709.0
1907.0
191.0
502.0
356.0
2628.0
434.0
1588.0
218.0
2.0
1052.0
790.0
484.0
1076.0
65.0
184.0
84.0
39.0
1076.0
439.0
3284.0
1522.0
783.0
2471.0
1062.0
1540.0
715.0
1058.0
1076.0
1015.0
671.0
2364.0
347.0
218.0
3162.0
1246.0
277.0
1467.0
405.0
314.0
1218.0
184.0
252.0
2532.0
3177.0
1076.0
844.0
122.0
1971.0
84.0
315.0
1680.0
1272.0
2824.0
627.0
1961.0
84.0
315.0
1680.0
1272.0
2824.0
627.0
1961.0
2960.0
314.0
1973.0
292.0
1624.0
84.0
1076.0
184.0
1907.0
84.0
1076.0
184.0
1907.0
172.0
65.0
1076.0
709.0
184.0
172.0
65.0
1076.0
709.0
184.0
1961.0
2.0
314.0
373.0
901.0
3206.0
502.0
350.0
1901.0
1218.0
1218.0
2437.0
573.0
1086.0
495.0
1076.0
112.0
2701.0
1008.0
314.0
1624.0
726.0
412.0
1961.0
373.0
1392.0
1230.0
810.0
1076.0
1425.0
127.0
191.0
2545.0
1907.0
1425.0
127.0
1597.0
1907.0
1230.0
373.0
810.0
1015.0
1961.0
1659.0
354.0
1392.0
67.0
952.0
1063.0
1218.0
317.0
184.0
1076.0
1321.0
626.0
84.0
2114.0
65.0
1122.0
415.0
2754.0
1425.0
2595.0
137.0
251.0
369.0
727.0
302.0
354.0
1572.0
1907.0
342.0
1122.0
1052.0
1230.0
373.0
314.0
84.0
284.0
1582.0
263.0
347.0
1159.0
2051.0
373.0
1467.0
377.0
373.0
3134.0
2314.0
1076.0
65.0
1015.0
3033.0
223.0
1907.0
65.0
1076.0
1864.0
84.0
356.0
1015.0
784.0
2606.0
1960.0
774.0
365.0
3320.0
2080.0
578.0
955.0
2715.0
184.0
1067.0
934.0
3288.0
484.0
1960.0
332.0
1393.0
2265.0
784.0
1395.0
1810.0
560.0
2904.0
570.0
3298.0
983.0
2817.0
578.0
955.0
2715.0
1847.0
993.0
184.0
74.0
95.0
3107.0
794.0
1467.0
377.0
373.0
3134.0
2314.0
709.0
2114.0
1218.0
704.0
1086.0
65.0
373.0
1076.0
1015.0
1892.0
2606.0
2.0
1907.0
1122.0
84.0
369.0
1076.0
65.0
1624.0
1076.0
84.0
218.0
191.0
1122.0
1907.0
854.0
408.0
356.0
1015.0
2606.0
373.0
2.0
970.0
2905.0
1907.0
864.0
1096.0
2159.0
987.0
65.0
1076.0
802.0
784.0
1452.0
1911.0
2846.0
77.0
1015.0
332.0
1597.0
1298.0
2633.0
356.0
405.0
373.0
82.0
3225.0
193.0
671.0
1907.0
1218.0
1095.0
2427.0
524.0
970.0
804.0
2283.0
82.0
1668.0
1425.0
133.0
2924.0
84.0
484.0
1859.0
116.0
701.0
486.0
1303.0
560.0
543.0
100.0
687.0
3190.0
65.0
1076.0
802.0
784.0
1452.0
1911.0
2846.0
77.0
1015.0
332.0
1597.0
1298.0
2633.0
356.0
405.0
373.0
82.0
3225.0
193.0
671.0
1907.0
1218.0
1095.0
2427.0
524.0
970.0
804.0
2283.0
82.0
1668.0
1425.0
133.0
2924.0
84.0
484.0
1859.0
116.0
701.0
486.0
1303.0
560.0
543.0
100.0
687.0
3190.0
371.0
314.0
3225.0
1218.0
1154.0
1580.0
1076.0
149.0
191.0
2188.0
748.0
332.0
1015.0
1960.0
2.0
1011.0
3262.0
365.0
448.0
1268.0
2948.0
444.0
373.0
39.0
84.0
373.0
1015.0
1907.0
2606.0
328.0
332.0
1005.0
2824.0
1356.0
130.0
1449.0
1402.0
850.0
332.0
65.0
373.0
1052.0
1392.0
51.0
39.0
84.0
777.0
2528.0
51.0
39.0
806.0
783.0
124.0
642.0
3120.0
184.0
119.0
2551.0
1122.0
84.0
1907.0
2069.0
2824.0
39.0
1015.0
65.0
1218.0
1572.0
709.0
1076.0
1122.0
784.0
1671.0
369.0
1218.0
444.0
394.0
1218.0
314.0
184.0
1015.0
336.0
130.0
184.0
709.0
1076.0
1341.0
1564.0
525.0
139.0
2613.0
930.0
748.0
314.0
65.0
1076.0
1015.0
1230.0
2606.0
1960.0
184.0
1892.0
100.0
768.0
2896.0
332.0
2520.0
204.0
1303.0
1660.0
408.0
709.0
1907.0
1011.0
560.0
405.0
1626.0
1076.0
2554.0
1315.0
369.0
663.0
1825.0
2374.0
982.0
1449.0
1298.0
2541.0
2167.0
902.0
1218.0
84.0
1230.0
1076.0
412.0
1020.0
598.0
444.0
173.0
1859.0
907.0
207.0
314.0
810.0
2068.0
1598.0
1907.0
347.0
84.0
348.0
1907.0
1122.0
910.0
1572.0
2515.0
1011.0
1907.0
341.0
1907.0
2082.0
342.0
1011.0
65.0
525.0
924.0
789.0
356.0
2104.0
748.0
1052.0
332.0
412.0
1122.0
51.0
39.0
1015.0
777.0
1052.0
1011.0
1703.0
512.0
1907.0
1015.0
1076.0
748.0
2.0
484.0
1015.0
1597.0
2374.0
1076.0
84.0
65.0
373.0
484.0
2712.0
1076.0
2824.0
314.0
1983.0
184.0
65.0
103.0
484.0
1907.0
1484.0
499.0
1680.0
2032.0
1122.0
1015.0
731.0
2516.0
2613.0
41.0
2384.0
1122.0
347.0
51.0
2.0
84.0
65.0
1859.0
1879.0
2552.0
1298.0
1967.0
480.0
184.0
1076.0
1660.0
3206.0
113.0
1392.0
1015.0
1660.0
970.0
22.0
65.0
2505.0
1218.0
1392.0
853.0
811.0
1011.0
1907.0
347.0
293.0
314.0
65.0
1076.0
1230.0
373.0
1425.0
1015.0
2285.0
1449.0
3019.0
2586.0
513.0
1218.0
347.0
1096.0
2051.0
65.0
2138.0
1052.0
1392.0
1052.0
714.0
810.0
1076.0
412.0
1079.0
65.0
1230.0
1425.0
1907.0
1566.0
1621.0
2680.0
2862.0
663.0
769.0
3242.0
1177.0
2418.0
379.0
1258.0
355.0
2359.0
761.0
358.0
2740.0
2894.0
2191.0
2671.0
432.0
3091.0
932.0
871.0
3040.0
3347.0
2477.0
1137.0
2895.0
392.0
2130.0
469.0
482.0
857.0
2765.0
2240.0
361.0
1709.0
536.0
3094.0
134.0
495.0
1276.0
314.0
65.0
39.0
84.0
1237.0
1677.0
218.0
1907.0
1011.0
1303.0
1766.0
408.0
2720.0
1786.0
3302.0
1905.0
1005.0
1042.0
2536.0
332.0
1015.0
1116.0
1076.0
2664.0
1660.0
408.0
2448.0
1562.0
330.0
861.0
1015.0
218.0
853.0
1096.0
404.0
1196.0
665.0
660.0
1926.0
800.0
1380.0
620.0
778.0
1438.0
1643.0
1950.0
1624.0
53.0
1691.0
2385.0
1698.0
348.0
1978.0
270.0
859.0
1169.0
139.0
695.0
1452.0
1122.0
1020.0
1076.0
2528.0
184.0
65.0
1218.0
84.0
970.0
184.0
1097.0
1051.0
1076.0
2528.0
3155.0
1425.0
1892.0
709.0
1076.0
1230.0
1015.0
373.0
3206.0
1907.0
112.0
65.0
2654.0
1303.0
1762.0
1660.0
781.0
1006.0
297.0
110.0
951.0
1076.0
1892.0
1907.0
709.0
1015.0
1425.0
1230.0
373.0
112.0
2754.0
113.0
709.0
1052.0
3206.0
113.0
356.0
660.0
1926.0
800.0
1380.0
620.0
778.0
1438.0
1643.0
1950.0
1624.0
53.0
1691.0
2385.0
1698.0
348.0
1978.0
270.0
859.0
1169.0
139.0
695.0
1452.0
1122.0
1020.0
1076.0
2528.0
184.0
65.0
1076.0
412.0
222.0
1943.0
1122.0
1961.0
51.0
39.0
314.0
1076.0
67.0
1011.0
116.0
395.0
838.0
2186.0
2480.0
1096.0
1127.0
1076.0
347.0
2884.0
394.0
2007.0
84.0
65.0
1076.0
2655.0
346.0
1122.0
51.0
910.0
356.0
1577.0
1330.0
709.0
112.0
1077.0
1218.0
184.0
1737.0
1311.0
1262.0
1571.0
292.0
356.0
1577.0
1330.0
709.0
112.0
1077.0
1218.0
184.0
1737.0
1311.0
1262.0
1571.0
292.0
1943.0
356.0
1076.0
116.0
709.0
218.0
826.0
748.0
1943.0
270.0
3089.0
354.0
1230.0
1076.0
412.0
1020.0
598.0
1230.0
1076.0
412.0
1020.0
598.0
84.0
1122.0
789.0
369.0
26.0
1076.0
1015.0
332.0
3341.0
2782.0
2.0
1230.0
373.0
1700.0
1122.0
39.0
1253.0
1076.0
1015.0
332.0
3341.0
2782.0
2.0
1230.0
373.0
1700.0
1122.0
39.0
1253.0
1907.0
84.0
1122.0
1052.0
51.0
1076.0
1907.0
2633.0
2606.0
1015.0
2829.0
1303.0
356.0
1392.0
977.0
1918.0
1095.0
748.0
1452.0
1020.0
970.0
810.0
332.0
1624.0
3178.0
1772.0
3343.0
1508.0
783.0
1150.0
365.0
1365.0
1407.0
2256.0
2532.0
596.0
2016.0
984.0
1183.0
375.0
1046.0
78.0
2607.0
325.0
1074.0
719.0
1076.0
1907.0
2633.0
2606.0
1015.0
2829.0
1303.0
356.0
1392.0
977.0
1918.0
1095.0
748.0
1452.0
1020.0
970.0
810.0
332.0
1624.0
3178.0
1772.0
3343.0
1508.0
783.0
1150.0
365.0
1365.0
1407.0
2256.0
2532.0
596.0
2016.0
984.0
1183.0
375.0
1046.0
78.0
2607.0
325.0
1074.0
719.0
382.0
1392.0
1076.0
1218.0
1824.0
1275.0
84.0
1015.0
332.0
2.0
1907.0
39.0
1452.0
373.0
1515.0
369.0
424.0
100.0
2905.0
2722.0
1222.0
1497.0
356.0
1876.0
130.0
2821.0
314.0
139.0
1218.0
2386.0
130.0
348.0
726.0
743.0
2601.0
547.0
2234.0
186.0
670.0
1174.0
564.0
2352.0
99.0
959.0
1876.0
356.0
1484.0
2784.0
2544.0
3324.0
2218.0
310.0
1207.0
1059.0
184.0
140.0
294.0
2183.0
1482.0
3047.0
1746.0
713.0
2052.0
1387.0
1017.0
830.0
2613.0
3095.0
412.0
3012.0
1957.0
933.0
2842.0
356.0
354.0
970.0
2633.0
1438.0
28.0
343.0
2396.0
1926.0
106.0
3148.0

